# generated by tools/gen_weapon_models.py (anti_bird_charm)
place 0.51018 0.27607 90.000 0.040714 -6.000
q 0 -4.000 3.000 3.000 6.00 6.00 3.000 3.000 3.000 13.00 6.00 3.000 3.000 -3.000 13.00 0.00 -4.000 3.000 -3.000 6.00 0.00 0.000 1.000 0.000
q 0 -4.000 -3.000 -3.000 13.00 0.00 3.000 -3.000 -3.000 20.00 0.00 3.000 -3.000 3.000 20.00 6.00 -4.000 -3.000 3.000 13.00 6.00 0.000 -1.000 0.000
q 0 -4.000 -3.000 -3.000 0.00 12.00 -4.000 -3.000 3.000 6.00 12.00 -4.000 3.000 3.000 6.00 6.00 -4.000 3.000 -3.000 0.00 6.00 -1.000 0.000 0.000
q 0 3.000 -3.000 -3.000 6.00 12.00 -4.000 -3.000 -3.000 13.00 12.00 -4.000 3.000 -3.000 13.00 6.00 3.000 3.000 -3.000 6.00 6.00 0.000 0.000 -1.000
q 0 3.000 -3.000 3.000 13.00 12.00 3.000 -3.000 -3.000 19.00 12.00 3.000 3.000 -3.000 19.00 6.00 3.000 3.000 3.000 13.00 6.00 1.000 -0.000 0.000
q 0 -4.000 -3.000 3.000 19.00 12.00 3.000 -3.000 3.000 26.00 12.00 3.000 3.000 3.000 26.00 6.00 -4.000 3.000 3.000 19.00 6.00 0.000 -0.000 1.000
q 0 2.000 5.000 2.500 32.00 5.00 6.000 5.000 2.500 36.00 5.00 6.000 5.000 -2.500 36.00 0.00 2.000 5.000 -2.500 32.00 0.00 0.000 1.000 0.000
q 0 2.000 1.000 -2.500 36.00 0.00 6.000 1.000 -2.500 40.00 0.00 6.000 1.000 2.500 40.00 5.00 2.000 1.000 2.500 36.00 5.00 0.000 -1.000 0.000
q 0 2.000 1.000 -2.500 27.00 9.00 2.000 1.000 2.500 32.00 9.00 2.000 5.000 2.500 32.00 5.00 2.000 5.000 -2.500 27.00 5.00 -1.000 0.000 0.000
q 0 6.000 1.000 -2.500 32.00 9.00 2.000 1.000 -2.500 36.00 9.00 2.000 5.000 -2.500 36.00 5.00 6.000 5.000 -2.500 32.00 5.00 0.000 0.000 -1.000
q 0 6.000 1.000 2.500 36.00 9.00 6.000 1.000 -2.500 41.00 9.00 6.000 5.000 -2.500 41.00 5.00 6.000 5.000 2.500 36.00 5.00 1.000 -0.000 0.000
q 0 2.000 1.000 2.500 41.00 9.00 6.000 1.000 2.500 45.00 9.00 6.000 5.000 2.500 45.00 5.00 2.000 5.000 2.500 41.00 5.00 0.000 -0.000 1.000
q 0 6.000 3.500 1.000 48.00 2.00 8.500 3.500 1.000 51.00 2.00 8.500 3.500 -1.000 51.00 0.00 6.000 3.500 -1.000 48.00 0.00 0.000 1.000 0.000
q 0 6.000 2.000 -1.000 51.00 0.00 8.500 2.000 -1.000 54.00 0.00 8.500 2.000 1.000 54.00 2.00 6.000 2.000 1.000 51.00 2.00 0.000 -1.000 0.000
q 0 6.000 2.000 -1.000 46.00 4.00 6.000 2.000 1.000 48.00 4.00 6.000 3.500 1.000 48.00 2.00 6.000 3.500 -1.000 46.00 2.00 -1.000 0.000 0.000
q 0 8.500 2.000 -1.000 48.00 4.00 6.000 2.000 -1.000 51.00 4.00 6.000 3.500 -1.000 51.00 2.00 8.500 3.500 -1.000 48.00 2.00 0.000 0.000 -1.000
q 0 8.500 2.000 1.000 51.00 4.00 8.500 2.000 -1.000 53.00 4.00 8.500 3.500 -1.000 53.00 2.00 8.500 3.500 1.000 51.00 2.00 1.000 -0.000 0.000
q 0 6.000 2.000 1.000 53.00 4.00 8.500 2.000 1.000 56.00 4.00 8.500 3.500 1.000 56.00 2.00 6.000 3.500 1.000 53.00 2.00 0.000 -0.000 1.000
q 0 -9.000 -3.500 1.200 57.00 7.00 -4.000 -3.500 1.200 62.00 7.00 -4.000 3.500 1.200 62.00 0.00 -9.000 3.500 1.200 57.00 0.00 0.000 -0.000 1.000
q 0 -9.000 -3.500 -1.200 68.00 7.00 -9.000 3.500 -1.200 68.00 0.00 -4.000 3.500 -1.200 63.00 0.00 -4.000 -3.500 -1.200 63.00 7.00 -0.000 0.000 -1.000
q 0 -5.000 3.500 1.200 61.00 0.50 -4.000 3.500 1.200 62.00 0.50 -4.000 3.500 -1.200 62.00 0.50 -5.000 3.500 -1.200 61.00 0.50 0.000 1.000 0.000
q 0 -6.000 2.500 1.200 60.00 1.50 -5.000 2.500 1.200 61.00 1.50 -5.000 2.500 -1.200 61.00 1.50 -6.000 2.500 -1.200 60.00 1.50 0.000 1.000 0.000
q 0 -8.000 1.500 1.200 58.00 2.50 -6.000 1.500 1.200 60.00 2.50 -6.000 1.500 -1.200 60.00 2.50 -8.000 1.500 -1.200 58.00 2.50 0.000 1.000 0.000
q 0 -9.000 0.500 1.200 57.00 3.50 -8.000 0.500 1.200 58.00 3.50 -8.000 0.500 -1.200 58.00 3.50 -9.000 0.500 -1.200 57.00 3.50 0.000 1.000 0.000
q 0 -9.000 -0.500 1.200 57.00 3.50 -9.000 -0.500 -1.200 57.00 3.50 -8.000 -0.500 -1.200 58.00 3.50 -8.000 -0.500 1.200 58.00 3.50 -0.000 -1.000 -0.000
q 0 -8.000 -1.500 1.200 58.00 4.50 -8.000 -1.500 -1.200 58.00 4.50 -6.000 -1.500 -1.200 60.00 4.50 -6.000 -1.500 1.200 60.00 4.50 -0.000 -1.000 -0.000
q 0 -6.000 -2.500 1.200 60.00 5.50 -6.000 -2.500 -1.200 60.00 5.50 -5.000 -2.500 -1.200 61.00 5.50 -5.000 -2.500 1.200 61.00 5.50 -0.000 -1.000 -0.000
q 0 -5.000 -3.500 1.200 61.00 6.50 -5.000 -3.500 -1.200 61.00 6.50 -4.000 -3.500 -1.200 62.00 6.50 -4.000 -3.500 1.200 62.00 6.50 -0.000 -1.000 -0.000
q 0 -9.000 0.500 1.200 57.50 3.00 -9.000 0.500 -1.200 57.50 3.00 -9.000 -0.500 -1.200 57.50 4.00 -9.000 -0.500 1.200 57.50 4.00 -1.000 -0.000 -0.000
q 0 -8.000 1.500 1.200 58.50 2.00 -8.000 1.500 -1.200 58.50 2.00 -8.000 0.500 -1.200 58.50 3.00 -8.000 0.500 1.200 58.50 3.00 -1.000 -0.000 -0.000
q 0 -8.000 -0.500 1.200 58.50 4.00 -8.000 -0.500 -1.200 58.50 4.00 -8.000 -1.500 -1.200 58.50 5.00 -8.000 -1.500 1.200 58.50 5.00 -1.000 -0.000 -0.000
q 0 -6.000 2.500 1.200 60.50 1.00 -6.000 2.500 -1.200 60.50 1.00 -6.000 1.500 -1.200 60.50 2.00 -6.000 1.500 1.200 60.50 2.00 -1.000 -0.000 -0.000
q 0 -6.000 -1.500 1.200 60.50 5.00 -6.000 -1.500 -1.200 60.50 5.00 -6.000 -2.500 -1.200 60.50 6.00 -6.000 -2.500 1.200 60.50 6.00 -1.000 -0.000 -0.000
q 0 -5.000 3.500 1.200 61.50 0.00 -5.000 3.500 -1.200 61.50 0.00 -5.000 2.500 -1.200 61.50 1.00 -5.000 2.500 1.200 61.50 1.00 -1.000 -0.000 -0.000
q 0 -5.000 -2.500 1.200 61.50 6.00 -5.000 -2.500 -1.200 61.50 6.00 -5.000 -3.500 -1.200 61.50 7.00 -5.000 -3.500 1.200 61.50 7.00 -1.000 -0.000 -0.000
q 0 -4.000 3.500 1.200 61.50 0.00 -4.000 -3.500 1.200 61.50 7.00 -4.000 -3.500 -1.200 61.50 7.00 -4.000 3.500 -1.200 61.50 0.00 1.000 0.000 0.000
q 0 -4.000 -1.000 -2.950 69.00 4.00 3.000 -1.000 -2.950 76.00 4.00 3.000 3.000 -2.950 76.00 0.00 -4.000 3.000 -2.950 69.00 0.00 0.000 -0.000 1.000
q 0 -4.000 -1.000 -3.650 84.00 4.00 -4.000 3.000 -3.650 84.00 0.00 3.000 3.000 -3.650 77.00 0.00 3.000 -1.000 -3.650 77.00 4.00 -0.000 0.000 -1.000
q 0 -4.000 3.000 -2.950 69.00 0.50 2.000 3.000 -2.950 75.00 0.50 2.000 3.000 -3.650 75.00 0.50 -4.000 3.000 -3.650 69.00 0.50 0.000 1.000 0.000
q 0 2.000 2.000 -2.950 75.00 1.50 3.000 2.000 -2.950 76.00 1.50 3.000 2.000 -3.650 76.00 1.50 2.000 2.000 -3.650 75.00 1.50 0.000 1.000 0.000
q 0 -4.000 1.000 -2.950 69.00 1.50 -4.000 1.000 -3.650 69.00 1.50 -3.000 1.000 -3.650 70.00 1.50 -3.000 1.000 -2.950 70.00 1.50 -0.000 -1.000 -0.000
q 0 -3.000 0.000 -2.950 70.00 2.50 -3.000 0.000 -3.650 70.00 2.50 -2.000 0.000 -3.650 71.00 2.50 -2.000 0.000 -2.950 71.00 2.50 -0.000 -1.000 -0.000
q 0 2.000 0.000 -2.950 75.00 2.50 2.000 0.000 -3.650 75.00 2.50 3.000 0.000 -3.650 76.00 2.50 3.000 0.000 -2.950 76.00 2.50 -0.000 -1.000 -0.000
q 0 -2.000 -1.000 -2.950 71.00 3.50 -2.000 -1.000 -3.650 71.00 3.50 2.000 -1.000 -3.650 75.00 3.50 2.000 -1.000 -2.950 75.00 3.50 -0.000 -1.000 -0.000
q 0 -4.000 3.000 -2.950 69.50 0.00 -4.000 3.000 -3.650 69.50 0.00 -4.000 1.000 -3.650 69.50 2.00 -4.000 1.000 -2.950 69.50 2.00 -1.000 -0.000 -0.000
q 0 -3.000 1.000 -2.950 70.50 2.00 -3.000 1.000 -3.650 70.50 2.00 -3.000 0.000 -3.650 70.50 3.00 -3.000 0.000 -2.950 70.50 3.00 -1.000 -0.000 -0.000
q 0 -2.000 0.000 -2.950 71.50 3.00 -2.000 0.000 -3.650 71.50 3.00 -2.000 -1.000 -3.650 71.50 4.00 -2.000 -1.000 -2.950 71.50 4.00 -1.000 -0.000 -0.000
q 0 2.000 3.000 -2.950 74.50 0.00 2.000 2.000 -2.950 74.50 1.00 2.000 2.000 -3.650 74.50 1.00 2.000 3.000 -3.650 74.50 0.00 1.000 0.000 0.000
q 0 2.000 0.000 -2.950 74.50 3.00 2.000 -1.000 -2.950 74.50 4.00 2.000 -1.000 -3.650 74.50 4.00 2.000 0.000 -3.650 74.50 3.00 1.000 0.000 0.000
q 0 3.000 2.000 -2.950 75.50 1.00 3.000 0.000 -2.950 75.50 3.00 3.000 0.000 -3.650 75.50 3.00 3.000 2.000 -3.650 75.50 1.00 1.000 0.000 0.000
q 0 -4.000 -1.000 3.650 85.00 4.00 3.000 -1.000 3.650 92.00 4.00 3.000 3.000 3.650 92.00 0.00 -4.000 3.000 3.650 85.00 0.00 0.000 -0.000 1.000
q 0 -4.000 -1.000 2.950 100.00 4.00 -4.000 3.000 2.950 100.00 0.00 3.000 3.000 2.950 93.00 0.00 3.000 -1.000 2.950 93.00 4.00 -0.000 0.000 -1.000
q 0 -4.000 3.000 3.650 85.00 0.50 2.000 3.000 3.650 91.00 0.50 2.000 3.000 2.950 91.00 0.50 -4.000 3.000 2.950 85.00 0.50 0.000 1.000 0.000
q 0 2.000 2.000 3.650 91.00 1.50 3.000 2.000 3.650 92.00 1.50 3.000 2.000 2.950 92.00 1.50 2.000 2.000 2.950 91.00 1.50 0.000 1.000 0.000
q 0 -4.000 1.000 3.650 85.00 1.50 -4.000 1.000 2.950 85.00 1.50 -3.000 1.000 2.950 86.00 1.50 -3.000 1.000 3.650 86.00 1.50 -0.000 -1.000 -0.000
q 0 -3.000 0.000 3.650 86.00 2.50 -3.000 0.000 2.950 86.00 2.50 -2.000 0.000 2.950 87.00 2.50 -2.000 0.000 3.650 87.00 2.50 -0.000 -1.000 -0.000
q 0 2.000 0.000 3.650 91.00 2.50 2.000 0.000 2.950 91.00 2.50 3.000 0.000 2.950 92.00 2.50 3.000 0.000 3.650 92.00 2.50 -0.000 -1.000 -0.000
q 0 -2.000 -1.000 3.650 87.00 3.50 -2.000 -1.000 2.950 87.00 3.50 2.000 -1.000 2.950 91.00 3.50 2.000 -1.000 3.650 91.00 3.50 -0.000 -1.000 -0.000
q 0 -4.000 3.000 3.650 85.50 0.00 -4.000 3.000 2.950 85.50 0.00 -4.000 1.000 2.950 85.50 2.00 -4.000 1.000 3.650 85.50 2.00 -1.000 -0.000 -0.000
q 0 -3.000 1.000 3.650 86.50 2.00 -3.000 1.000 2.950 86.50 2.00 -3.000 0.000 2.950 86.50 3.00 -3.000 0.000 3.650 86.50 3.00 -1.000 -0.000 -0.000
q 0 -2.000 0.000 3.650 87.50 3.00 -2.000 0.000 2.950 87.50 3.00 -2.000 -1.000 2.950 87.50 4.00 -2.000 -1.000 3.650 87.50 4.00 -1.000 -0.000 -0.000
q 0 2.000 3.000 3.650 90.50 0.00 2.000 2.000 3.650 90.50 1.00 2.000 2.000 2.950 90.50 1.00 2.000 3.000 2.950 90.50 0.00 1.000 0.000 0.000
q 0 2.000 0.000 3.650 90.50 3.00 2.000 -1.000 3.650 90.50 4.00 2.000 -1.000 2.950 90.50 4.00 2.000 0.000 2.950 90.50 3.00 1.000 0.000 0.000
q 0 3.000 2.000 3.650 91.50 1.00 3.000 0.000 3.650 91.50 3.00 3.000 0.000 2.950 91.50 3.00 3.000 2.000 2.950 91.50 1.00 1.000 0.000 0.000
q 0 -1.500 -3.000 0.500 102.00 1.00 -0.500 -3.000 0.500 103.00 1.00 -0.500 -3.000 -0.500 103.00 0.00 -1.500 -3.000 -0.500 102.00 0.00 0.000 1.000 0.000
q 0 -1.500 -6.000 -0.500 103.00 0.00 -0.500 -6.000 -0.500 104.00 0.00 -0.500 -6.000 0.500 104.00 1.00 -1.500 -6.000 0.500 103.00 1.00 0.000 -1.000 0.000
q 0 -1.500 -6.000 -0.500 101.00 4.00 -1.500 -6.000 0.500 102.00 4.00 -1.500 -3.000 0.500 102.00 1.00 -1.500 -3.000 -0.500 101.00 1.00 -1.000 0.000 0.000
q 0 -0.500 -6.000 -0.500 102.00 4.00 -1.500 -6.000 -0.500 103.00 4.00 -1.500 -3.000 -0.500 103.00 1.00 -0.500 -3.000 -0.500 102.00 1.00 0.000 0.000 -1.000
q 0 -0.500 -6.000 0.500 103.00 4.00 -0.500 -6.000 -0.500 104.00 4.00 -0.500 -3.000 -0.500 104.00 1.00 -0.500 -3.000 0.500 103.00 1.00 1.000 -0.000 0.000
q 0 -1.500 -6.000 0.500 104.00 4.00 -0.500 -6.000 0.500 105.00 4.00 -0.500 -3.000 0.500 105.00 1.00 -1.500 -3.000 0.500 104.00 1.00 0.000 -0.000 1.000
q 0 0.500 -3.000 0.500 107.00 1.00 1.500 -3.000 0.500 108.00 1.00 1.500 -3.000 -0.500 108.00 0.00 0.500 -3.000 -0.500 107.00 0.00 0.000 1.000 0.000
q 0 0.500 -6.000 -0.500 108.00 0.00 1.500 -6.000 -0.500 109.00 0.00 1.500 -6.000 0.500 109.00 1.00 0.500 -6.000 0.500 108.00 1.00 0.000 -1.000 0.000
q 0 0.500 -6.000 -0.500 106.00 4.00 0.500 -6.000 0.500 107.00 4.00 0.500 -3.000 0.500 107.00 1.00 0.500 -3.000 -0.500 106.00 1.00 -1.000 0.000 0.000
q 0 1.500 -6.000 -0.500 107.00 4.00 0.500 -6.000 -0.500 108.00 4.00 0.500 -3.000 -0.500 108.00 1.00 1.500 -3.000 -0.500 107.00 1.00 0.000 0.000 -1.000
q 0 1.500 -6.000 0.500 108.00 4.00 1.500 -6.000 -0.500 109.00 4.00 1.500 -3.000 -0.500 109.00 1.00 1.500 -3.000 0.500 108.00 1.00 1.000 -0.000 0.000
q 0 0.500 -6.000 0.500 109.00 4.00 1.500 -6.000 0.500 110.00 4.00 1.500 -3.000 0.500 110.00 1.00 0.500 -3.000 0.500 109.00 1.00 0.000 -0.000 1.000
