# generated by tools/gen_weapon_models.py (bond_thread)
place 0.50000 0.14375 90.000 0.036352 -8.600
glow FF5A78 0.08 0.5 1.0
q 0 -6.500 -2.000 1.600 0.00 13.00 6.500 -2.000 1.600 13.00 13.00 6.500 11.000 1.600 13.00 0.00 -6.500 11.000 1.600 0.00 0.00 0.000 -0.000 1.000
q 2 -6.500 -2.000 1.600 0.00 13.00 6.500 -2.000 1.600 13.00 13.00 6.500 11.000 1.600 13.00 0.00 -6.500 11.000 1.600 0.00 0.00 0.000 -0.000 1.000
q 0 -6.500 -2.000 -1.600 27.00 13.00 -6.500 11.000 -1.600 27.00 0.00 6.500 11.000 -1.600 14.00 0.00 6.500 -2.000 -1.600 14.00 13.00 -0.000 0.000 -1.000
q 2 -6.500 -2.000 -1.600 27.00 13.00 -6.500 11.000 -1.600 27.00 0.00 6.500 11.000 -1.600 14.00 0.00 6.500 -2.000 -1.600 14.00 13.00 -0.000 0.000 -1.000
q 0 -4.500 10.000 1.600 2.00 1.50 -1.500 10.000 1.600 5.00 1.50 -1.500 10.000 -1.600 5.00 1.50 -4.500 10.000 -1.600 2.00 1.50 0.000 1.000 0.000
q 0 1.500 10.000 1.600 8.00 1.50 4.500 10.000 1.600 11.00 1.50 4.500 10.000 -1.600 11.00 1.50 1.500 10.000 -1.600 8.00 1.50 0.000 1.000 0.000
q 2 1.500 10.000 1.600 8.00 1.50 4.500 10.000 1.600 11.00 1.50 4.500 10.000 -1.600 11.00 1.50 1.500 10.000 -1.600 8.00 1.50 0.000 1.000 0.000
q 0 -5.500 9.000 1.600 1.00 2.50 -4.500 9.000 1.600 2.00 2.50 -4.500 9.000 -1.600 2.00 2.50 -5.500 9.000 -1.600 1.00 2.50 0.000 1.000 0.000
q 0 -1.500 9.000 1.600 5.00 2.50 -0.500 9.000 1.600 6.00 2.50 -0.500 9.000 -1.600 6.00 2.50 -1.500 9.000 -1.600 5.00 2.50 0.000 1.000 0.000
q 0 0.500 9.000 1.600 7.00 2.50 1.500 9.000 1.600 8.00 2.50 1.500 9.000 -1.600 8.00 2.50 0.500 9.000 -1.600 7.00 2.50 0.000 1.000 0.000
q 0 4.500 9.000 1.600 11.00 2.50 5.500 9.000 1.600 12.00 2.50 5.500 9.000 -1.600 12.00 2.50 4.500 9.000 -1.600 11.00 2.50 0.000 1.000 0.000
q 0 -0.500 8.000 1.600 6.00 3.50 0.500 8.000 1.600 7.00 3.50 0.500 8.000 -1.600 7.00 3.50 -0.500 8.000 -1.600 6.00 3.50 0.000 1.000 0.000
q 0 -5.500 7.000 1.600 1.00 3.50 -5.500 7.000 -1.600 1.00 3.50 -4.500 7.000 -1.600 2.00 3.50 -4.500 7.000 1.600 2.00 3.50 -0.000 -1.000 -0.000
q 0 4.500 7.000 1.600 11.00 3.50 4.500 7.000 -1.600 11.00 3.50 5.500 7.000 -1.600 12.00 3.50 5.500 7.000 1.600 12.00 3.50 -0.000 -1.000 -0.000
q 2 4.500 7.000 1.600 11.00 3.50 4.500 7.000 -1.600 11.00 3.50 5.500 7.000 -1.600 12.00 3.50 5.500 7.000 1.600 12.00 3.50 -0.000 -1.000 -0.000
q 0 -4.500 5.000 1.600 2.00 5.50 -4.500 5.000 -1.600 2.00 5.50 -3.500 5.000 -1.600 3.00 5.50 -3.500 5.000 1.600 3.00 5.50 -0.000 -1.000 -0.000
q 0 3.500 5.000 1.600 10.00 5.50 3.500 5.000 -1.600 10.00 5.50 4.500 5.000 -1.600 11.00 5.50 4.500 5.000 1.600 11.00 5.50 -0.000 -1.000 -0.000
q 0 -3.500 4.000 1.600 3.00 6.50 -3.500 4.000 -1.600 3.00 6.50 -2.500 4.000 -1.600 4.00 6.50 -2.500 4.000 1.600 4.00 6.50 -0.000 -1.000 -0.000
q 0 2.500 4.000 1.600 9.00 6.50 2.500 4.000 -1.600 9.00 6.50 3.500 4.000 -1.600 10.00 6.50 3.500 4.000 1.600 10.00 6.50 -0.000 -1.000 -0.000
q 0 -2.500 3.000 1.600 4.00 7.50 -2.500 3.000 -1.600 4.00 7.50 -1.500 3.000 -1.600 5.00 7.50 -1.500 3.000 1.600 5.00 7.50 -0.000 -1.000 -0.000
q 0 1.500 3.000 1.600 8.00 7.50 1.500 3.000 -1.600 8.00 7.50 2.500 3.000 -1.600 9.00 7.50 2.500 3.000 1.600 9.00 7.50 -0.000 -1.000 -0.000
q 0 -1.500 1.000 1.600 5.00 9.50 -1.500 1.000 -1.600 5.00 9.50 -0.500 1.000 -1.600 6.00 9.50 -0.500 1.000 1.600 6.00 9.50 -0.000 -1.000 -0.000
q 2 -1.500 1.000 1.600 5.00 9.50 -1.500 1.000 -1.600 5.00 9.50 -0.500 1.000 -1.600 6.00 9.50 -0.500 1.000 1.600 6.00 9.50 -0.000 -1.000 -0.000
q 0 0.500 1.000 1.600 7.00 9.50 0.500 1.000 -1.600 7.00 9.50 1.500 1.000 -1.600 8.00 9.50 1.500 1.000 1.600 8.00 9.50 -0.000 -1.000 -0.000
q 0 -0.500 -1.000 1.600 6.00 11.50 -0.500 -1.000 -1.600 6.00 11.50 0.500 -1.000 -1.600 7.00 11.50 0.500 -1.000 1.600 7.00 11.50 -0.000 -1.000 -0.000
q 0 -5.500 9.000 1.600 1.50 2.00 -5.500 9.000 -1.600 1.50 2.00 -5.500 7.000 -1.600 1.50 4.00 -5.500 7.000 1.600 1.50 4.00 -1.000 -0.000 -0.000
q 0 -4.500 10.000 1.600 2.50 1.00 -4.500 10.000 -1.600 2.50 1.00 -4.500 9.000 -1.600 2.50 2.00 -4.500 9.000 1.600 2.50 2.00 -1.000 -0.000 -0.000
q 0 -4.500 7.000 1.600 2.50 4.00 -4.500 7.000 -1.600 2.50 4.00 -4.500 5.000 -1.600 2.50 6.00 -4.500 5.000 1.600 2.50 6.00 -1.000 -0.000 -0.000
q 0 -3.500 5.000 1.600 3.50 6.00 -3.500 5.000 -1.600 3.50 6.00 -3.500 4.000 -1.600 3.50 7.00 -3.500 4.000 1.600 3.50 7.00 -1.000 -0.000 -0.000
q 0 -2.500 4.000 1.600 4.50 7.00 -2.500 4.000 -1.600 4.50 7.00 -2.500 3.000 -1.600 4.50 8.00 -2.500 3.000 1.600 4.50 8.00 -1.000 -0.000 -0.000
q 0 -1.500 10.000 1.600 4.50 1.00 -1.500 9.000 1.600 4.50 2.00 -1.500 9.000 -1.600 4.50 2.00 -1.500 10.000 -1.600 4.50 1.00 1.000 0.000 0.000
q 0 -1.500 3.000 1.600 5.50 8.00 -1.500 3.000 -1.600 5.50 8.00 -1.500 1.000 -1.600 5.50 10.00 -1.500 1.000 1.600 5.50 10.00 -1.000 -0.000 -0.000
q 2 -1.500 3.000 1.600 5.50 8.00 -1.500 3.000 -1.600 5.50 8.00 -1.500 1.000 -1.600 5.50 10.00 -1.500 1.000 1.600 5.50 10.00 -1.000 -0.000 -0.000
q 0 -0.500 9.000 1.600 5.50 2.00 -0.500 8.000 1.600 5.50 3.00 -0.500 8.000 -1.600 5.50 3.00 -0.500 9.000 -1.600 5.50 2.00 1.000 0.000 0.000
q 0 -0.500 1.000 1.600 6.50 10.00 -0.500 1.000 -1.600 6.50 10.00 -0.500 -1.000 -1.600 6.50 12.00 -0.500 -1.000 1.600 6.50 12.00 -1.000 -0.000 -0.000
q 2 -0.500 1.000 1.600 6.50 10.00 -0.500 1.000 -1.600 6.50 10.00 -0.500 -1.000 -1.600 6.50 12.00 -0.500 -1.000 1.600 6.50 12.00 -1.000 -0.000 -0.000
q 0 0.500 1.000 1.600 6.50 10.00 0.500 -1.000 1.600 6.50 12.00 0.500 -1.000 -1.600 6.50 12.00 0.500 1.000 -1.600 6.50 10.00 1.000 0.000 0.000
q 2 0.500 1.000 1.600 6.50 10.00 0.500 -1.000 1.600 6.50 12.00 0.500 -1.000 -1.600 6.50 12.00 0.500 1.000 -1.600 6.50 10.00 1.000 0.000 0.000
q 0 0.500 9.000 1.600 7.50 2.00 0.500 9.000 -1.600 7.50 2.00 0.500 8.000 -1.600 7.50 3.00 0.500 8.000 1.600 7.50 3.00 -1.000 -0.000 -0.000
q 0 1.500 3.000 1.600 7.50 8.00 1.500 1.000 1.600 7.50 10.00 1.500 1.000 -1.600 7.50 10.00 1.500 3.000 -1.600 7.50 8.00 1.000 0.000 0.000
q 0 1.500 10.000 1.600 8.50 1.00 1.500 10.000 -1.600 8.50 1.00 1.500 9.000 -1.600 8.50 2.00 1.500 9.000 1.600 8.50 2.00 -1.000 -0.000 -0.000
q 0 2.500 4.000 1.600 8.50 7.00 2.500 3.000 1.600 8.50 8.00 2.500 3.000 -1.600 8.50 8.00 2.500 4.000 -1.600 8.50 7.00 1.000 0.000 0.000
q 0 3.500 5.000 1.600 9.50 6.00 3.500 4.000 1.600 9.50 7.00 3.500 4.000 -1.600 9.50 7.00 3.500 5.000 -1.600 9.50 6.00 1.000 0.000 0.000
q 0 4.500 10.000 1.600 10.50 1.00 4.500 9.000 1.600 10.50 2.00 4.500 9.000 -1.600 10.50 2.00 4.500 10.000 -1.600 10.50 1.00 1.000 0.000 0.000
q 0 4.500 7.000 1.600 10.50 4.00 4.500 5.000 1.600 10.50 6.00 4.500 5.000 -1.600 10.50 6.00 4.500 7.000 -1.600 10.50 4.00 1.000 0.000 0.000
q 0 5.500 9.000 1.600 11.50 2.00 5.500 7.000 1.600 11.50 4.00 5.500 7.000 -1.600 11.50 4.00 5.500 9.000 -1.600 11.50 2.00 1.000 0.000 0.000
q 2 5.500 9.000 1.600 11.50 2.00 5.500 7.000 1.600 11.50 4.00 5.500 7.000 -1.600 11.50 4.00 5.500 9.000 -1.600 11.50 2.00 1.000 0.000 0.000
q 0 -0.400 -1.800 0.400 29.00 1.00 1.200 -1.800 0.400 31.00 1.00 1.200 -1.800 -0.400 31.00 0.00 -0.400 -1.800 -0.400 29.00 0.00 0.000 1.000 0.000
q 2 -0.400 -1.800 0.400 29.00 1.00 1.200 -1.800 0.400 31.00 1.00 1.200 -1.800 -0.400 31.00 0.00 -0.400 -1.800 -0.400 29.00 0.00 0.000 1.000 0.000
q 0 -0.400 -4.200 -0.400 31.00 0.00 1.200 -4.200 -0.400 33.00 0.00 1.200 -4.200 0.400 33.00 1.00 -0.400 -4.200 0.400 31.00 1.00 0.000 -1.000 0.000
q 2 -0.400 -4.200 -0.400 31.00 0.00 1.200 -4.200 -0.400 33.00 0.00 1.200 -4.200 0.400 33.00 1.00 -0.400 -4.200 0.400 31.00 1.00 0.000 -1.000 0.000
q 0 -0.400 -4.200 -0.400 28.00 4.00 -0.400 -4.200 0.400 29.00 4.00 -0.400 -1.800 0.400 29.00 1.00 -0.400 -1.800 -0.400 28.00 1.00 -1.000 0.000 0.000
q 2 -0.400 -4.200 -0.400 28.00 4.00 -0.400 -4.200 0.400 29.00 4.00 -0.400 -1.800 0.400 29.00 1.00 -0.400 -1.800 -0.400 28.00 1.00 -1.000 0.000 0.000
q 0 1.200 -4.200 -0.400 29.00 4.00 -0.400 -4.200 -0.400 31.00 4.00 -0.400 -1.800 -0.400 31.00 1.00 1.200 -1.800 -0.400 29.00 1.00 0.000 0.000 -1.000
q 2 1.200 -4.200 -0.400 29.00 4.00 -0.400 -4.200 -0.400 31.00 4.00 -0.400 -1.800 -0.400 31.00 1.00 1.200 -1.800 -0.400 29.00 1.00 0.000 0.000 -1.000
q 0 1.200 -4.200 0.400 31.00 4.00 1.200 -4.200 -0.400 32.00 4.00 1.200 -1.800 -0.400 32.00 1.00 1.200 -1.800 0.400 31.00 1.00 1.000 -0.000 0.000
q 2 1.200 -4.200 0.400 31.00 4.00 1.200 -4.200 -0.400 32.00 4.00 1.200 -1.800 -0.400 32.00 1.00 1.200 -1.800 0.400 31.00 1.00 1.000 -0.000 0.000
q 0 -0.400 -4.200 0.400 32.00 4.00 1.200 -4.200 0.400 34.00 4.00 1.200 -1.800 0.400 34.00 1.00 -0.400 -1.800 0.400 32.00 1.00 0.000 -0.000 1.000
q 2 -0.400 -4.200 0.400 32.00 4.00 1.200 -4.200 0.400 34.00 4.00 1.200 -1.800 0.400 34.00 1.00 -0.400 -1.800 0.400 32.00 1.00 0.000 -0.000 1.000
q 0 0.400 -3.800 0.400 36.00 1.00 2.400 -3.800 0.400 38.00 1.00 2.400 -3.800 -0.400 38.00 0.00 0.400 -3.800 -0.400 36.00 0.00 0.000 1.000 0.000
q 2 0.400 -3.800 0.400 36.00 1.00 2.400 -3.800 0.400 38.00 1.00 2.400 -3.800 -0.400 38.00 0.00 0.400 -3.800 -0.400 36.00 0.00 0.000 1.000 0.000
q 0 0.400 -5.800 -0.400 38.00 0.00 2.400 -5.800 -0.400 40.00 0.00 2.400 -5.800 0.400 40.00 1.00 0.400 -5.800 0.400 38.00 1.00 0.000 -1.000 0.000
q 2 0.400 -5.800 -0.400 38.00 0.00 2.400 -5.800 -0.400 40.00 0.00 2.400 -5.800 0.400 40.00 1.00 0.400 -5.800 0.400 38.00 1.00 0.000 -1.000 0.000
q 0 0.400 -5.800 -0.400 35.00 3.00 0.400 -5.800 0.400 36.00 3.00 0.400 -3.800 0.400 36.00 1.00 0.400 -3.800 -0.400 35.00 1.00 -1.000 0.000 0.000
q 2 0.400 -5.800 -0.400 35.00 3.00 0.400 -5.800 0.400 36.00 3.00 0.400 -3.800 0.400 36.00 1.00 0.400 -3.800 -0.400 35.00 1.00 -1.000 0.000 0.000
q 0 2.400 -5.800 -0.400 36.00 3.00 0.400 -5.800 -0.400 38.00 3.00 0.400 -3.800 -0.400 38.00 1.00 2.400 -3.800 -0.400 36.00 1.00 0.000 0.000 -1.000
q 2 2.400 -5.800 -0.400 36.00 3.00 0.400 -5.800 -0.400 38.00 3.00 0.400 -3.800 -0.400 38.00 1.00 2.400 -3.800 -0.400 36.00 1.00 0.000 0.000 -1.000
q 0 2.400 -5.800 0.400 38.00 3.00 2.400 -5.800 -0.400 39.00 3.00 2.400 -3.800 -0.400 39.00 1.00 2.400 -3.800 0.400 38.00 1.00 1.000 -0.000 0.000
q 2 2.400 -5.800 0.400 38.00 3.00 2.400 -5.800 -0.400 39.00 3.00 2.400 -3.800 -0.400 39.00 1.00 2.400 -3.800 0.400 38.00 1.00 1.000 -0.000 0.000
q 0 0.400 -5.800 0.400 39.00 3.00 2.400 -5.800 0.400 41.00 3.00 2.400 -3.800 0.400 41.00 1.00 0.400 -3.800 0.400 39.00 1.00 0.000 -0.000 1.000
q 2 0.400 -5.800 0.400 39.00 3.00 2.400 -5.800 0.400 41.00 3.00 2.400 -3.800 0.400 41.00 1.00 0.400 -3.800 0.400 39.00 1.00 0.000 -0.000 1.000
q 0 1.600 -5.400 0.400 43.00 1.00 3.800 -5.400 0.400 46.00 1.00 3.800 -5.400 -0.400 46.00 0.00 1.600 -5.400 -0.400 43.00 0.00 0.000 1.000 0.000
q 2 1.600 -5.400 0.400 43.00 1.00 3.800 -5.400 0.400 46.00 1.00 3.800 -5.400 -0.400 46.00 0.00 1.600 -5.400 -0.400 43.00 0.00 0.000 1.000 0.000
q 0 1.600 -7.000 -0.400 46.00 0.00 3.800 -7.000 -0.400 49.00 0.00 3.800 -7.000 0.400 49.00 1.00 1.600 -7.000 0.400 46.00 1.00 0.000 -1.000 0.000
q 2 1.600 -7.000 -0.400 46.00 0.00 3.800 -7.000 -0.400 49.00 0.00 3.800 -7.000 0.400 49.00 1.00 1.600 -7.000 0.400 46.00 1.00 0.000 -1.000 0.000
q 0 1.600 -7.000 -0.400 42.00 3.00 1.600 -7.000 0.400 43.00 3.00 1.600 -5.400 0.400 43.00 1.00 1.600 -5.400 -0.400 42.00 1.00 -1.000 0.000 0.000
q 2 1.600 -7.000 -0.400 42.00 3.00 1.600 -7.000 0.400 43.00 3.00 1.600 -5.400 0.400 43.00 1.00 1.600 -5.400 -0.400 42.00 1.00 -1.000 0.000 0.000
q 0 3.800 -7.000 -0.400 43.00 3.00 1.600 -7.000 -0.400 46.00 3.00 1.600 -5.400 -0.400 46.00 1.00 3.800 -5.400 -0.400 43.00 1.00 0.000 0.000 -1.000
q 2 3.800 -7.000 -0.400 43.00 3.00 1.600 -7.000 -0.400 46.00 3.00 1.600 -5.400 -0.400 46.00 1.00 3.800 -5.400 -0.400 43.00 1.00 0.000 0.000 -1.000
q 0 3.800 -7.000 0.400 46.00 3.00 3.800 -7.000 -0.400 47.00 3.00 3.800 -5.400 -0.400 47.00 1.00 3.800 -5.400 0.400 46.00 1.00 1.000 -0.000 0.000
q 2 3.800 -7.000 0.400 46.00 3.00 3.800 -7.000 -0.400 47.00 3.00 3.800 -5.400 -0.400 47.00 1.00 3.800 -5.400 0.400 46.00 1.00 1.000 -0.000 0.000
q 0 1.600 -7.000 0.400 47.00 3.00 3.800 -7.000 0.400 50.00 3.00 3.800 -5.400 0.400 50.00 1.00 1.600 -5.400 0.400 47.00 1.00 0.000 -0.000 1.000
q 2 1.600 -7.000 0.400 47.00 3.00 3.800 -7.000 0.400 50.00 3.00 3.800 -5.400 0.400 50.00 1.00 1.600 -5.400 0.400 47.00 1.00 0.000 -0.000 1.000
q 0 3.000 -6.600 0.400 52.00 1.00 4.800 -6.600 0.400 54.00 1.00 4.800 -6.600 -0.400 54.00 0.00 3.000 -6.600 -0.400 52.00 0.00 0.000 1.000 0.000
q 2 3.000 -6.600 0.400 52.00 1.00 4.800 -6.600 0.400 54.00 1.00 4.800 -6.600 -0.400 54.00 0.00 3.000 -6.600 -0.400 52.00 0.00 0.000 1.000 0.000
q 0 3.000 -8.600 -0.400 54.00 0.00 4.800 -8.600 -0.400 56.00 0.00 4.800 -8.600 0.400 56.00 1.00 3.000 -8.600 0.400 54.00 1.00 0.000 -1.000 0.000
q 2 3.000 -8.600 -0.400 54.00 0.00 4.800 -8.600 -0.400 56.00 0.00 4.800 -8.600 0.400 56.00 1.00 3.000 -8.600 0.400 54.00 1.00 0.000 -1.000 0.000
q 0 3.000 -8.600 -0.400 51.00 3.00 3.000 -8.600 0.400 52.00 3.00 3.000 -6.600 0.400 52.00 1.00 3.000 -6.600 -0.400 51.00 1.00 -1.000 0.000 0.000
q 2 3.000 -8.600 -0.400 51.00 3.00 3.000 -8.600 0.400 52.00 3.00 3.000 -6.600 0.400 52.00 1.00 3.000 -6.600 -0.400 51.00 1.00 -1.000 0.000 0.000
q 0 4.800 -8.600 -0.400 52.00 3.00 3.000 -8.600 -0.400 54.00 3.00 3.000 -6.600 -0.400 54.00 1.00 4.800 -6.600 -0.400 52.00 1.00 0.000 0.000 -1.000
q 2 4.800 -8.600 -0.400 52.00 3.00 3.000 -8.600 -0.400 54.00 3.00 3.000 -6.600 -0.400 54.00 1.00 4.800 -6.600 -0.400 52.00 1.00 0.000 0.000 -1.000
q 0 4.800 -8.600 0.400 54.00 3.00 4.800 -8.600 -0.400 55.00 3.00 4.800 -6.600 -0.400 55.00 1.00 4.800 -6.600 0.400 54.00 1.00 1.000 -0.000 0.000
q 2 4.800 -8.600 0.400 54.00 3.00 4.800 -8.600 -0.400 55.00 3.00 4.800 -6.600 -0.400 55.00 1.00 4.800 -6.600 0.400 54.00 1.00 1.000 -0.000 0.000
q 0 3.000 -8.600 0.400 55.00 3.00 4.800 -8.600 0.400 57.00 3.00 4.800 -6.600 0.400 57.00 1.00 3.000 -6.600 0.400 55.00 1.00 0.000 -0.000 1.000
q 2 3.000 -8.600 0.400 55.00 3.00 4.800 -8.600 0.400 57.00 3.00 4.800 -6.600 0.400 57.00 1.00 3.000 -6.600 0.400 55.00 1.00 0.000 -0.000 1.000
