# generated by tools/gen_weapon_models.py (circlet_of_quickened_thought)
place 0.53125 0.20000 90.000 0.033929 -7.000
glow 96F0FF 0.1 0.45 1.0
q 0 -7.000 -7.000 0.900 0.00 14.00 7.000 -7.000 0.900 14.00 14.00 7.000 7.000 0.900 14.00 0.00 -7.000 7.000 0.900 0.00 0.00 0.000 -0.000 1.000
q 0 -7.000 -7.000 -0.900 29.00 14.00 -7.000 7.000 -0.900 29.00 0.00 7.000 7.000 -0.900 15.00 0.00 7.000 -7.000 -0.900 15.00 14.00 -0.000 0.000 -1.000
q 0 -3.000 7.000 0.900 4.00 0.50 3.000 7.000 0.900 10.00 0.50 3.000 7.000 -0.900 10.00 0.50 -3.000 7.000 -0.900 4.00 0.50 0.000 1.000 0.000
q 0 -4.000 6.000 0.900 3.00 1.50 -3.000 6.000 0.900 4.00 1.50 -3.000 6.000 -0.900 4.00 1.50 -4.000 6.000 -0.900 3.00 1.50 0.000 1.000 0.000
q 0 3.000 6.000 0.900 10.00 1.50 4.000 6.000 0.900 11.00 1.50 4.000 6.000 -0.900 11.00 1.50 3.000 6.000 -0.900 10.00 1.50 0.000 1.000 0.000
q 0 -3.000 5.000 0.900 4.00 1.50 -3.000 5.000 -0.900 4.00 1.50 3.000 5.000 -0.900 10.00 1.50 3.000 5.000 0.900 10.00 1.50 -0.000 -1.000 -0.000
q 0 -5.000 5.000 0.900 2.00 2.50 -4.000 5.000 0.900 3.00 2.50 -4.000 5.000 -0.900 3.00 2.50 -5.000 5.000 -0.900 2.00 2.50 0.000 1.000 0.000
q 0 4.000 5.000 0.900 11.00 2.50 5.000 5.000 0.900 12.00 2.50 5.000 5.000 -0.900 12.00 2.50 4.000 5.000 -0.900 11.00 2.50 0.000 1.000 0.000
q 0 -4.000 4.000 0.900 3.00 2.50 -4.000 4.000 -0.900 3.00 2.50 -3.000 4.000 -0.900 4.00 2.50 -3.000 4.000 0.900 4.00 2.50 -0.000 -1.000 -0.000
q 0 3.000 4.000 0.900 10.00 2.50 3.000 4.000 -0.900 10.00 2.50 4.000 4.000 -0.900 11.00 2.50 4.000 4.000 0.900 11.00 2.50 -0.000 -1.000 -0.000
q 0 -6.000 4.000 0.900 1.00 3.50 -5.000 4.000 0.900 2.00 3.50 -5.000 4.000 -0.900 2.00 3.50 -6.000 4.000 -0.900 1.00 3.50 0.000 1.000 0.000
q 0 5.000 4.000 0.900 12.00 3.50 6.000 4.000 0.900 13.00 3.50 6.000 4.000 -0.900 13.00 3.50 5.000 4.000 -0.900 12.00 3.50 0.000 1.000 0.000
q 0 -5.000 3.000 0.900 2.00 3.50 -5.000 3.000 -0.900 2.00 3.50 -4.000 3.000 -0.900 3.00 3.50 -4.000 3.000 0.900 3.00 3.50 -0.000 -1.000 -0.000
q 0 4.000 3.000 0.900 11.00 3.50 4.000 3.000 -0.900 11.00 3.50 5.000 3.000 -0.900 12.00 3.50 5.000 3.000 0.900 12.00 3.50 -0.000 -1.000 -0.000
q 0 -7.000 3.000 0.900 0.00 4.50 -6.000 3.000 0.900 1.00 4.50 -6.000 3.000 -0.900 1.00 4.50 -7.000 3.000 -0.900 0.00 4.50 0.000 1.000 0.000
q 0 6.000 3.000 0.900 13.00 4.50 7.000 3.000 0.900 14.00 4.50 7.000 3.000 -0.900 14.00 4.50 6.000 3.000 -0.900 13.00 4.50 0.000 1.000 0.000
q 0 -7.000 -3.000 0.900 0.00 9.50 -7.000 -3.000 -0.900 0.00 9.50 -6.000 -3.000 -0.900 1.00 9.50 -6.000 -3.000 0.900 1.00 9.50 -0.000 -1.000 -0.000
q 0 6.000 -3.000 0.900 13.00 9.50 6.000 -3.000 -0.900 13.00 9.50 7.000 -3.000 -0.900 14.00 9.50 7.000 -3.000 0.900 14.00 9.50 -0.000 -1.000 -0.000
q 0 -5.000 -3.000 0.900 2.00 10.50 -4.000 -3.000 0.900 3.00 10.50 -4.000 -3.000 -0.900 3.00 10.50 -5.000 -3.000 -0.900 2.00 10.50 0.000 1.000 0.000
q 0 4.000 -3.000 0.900 11.00 10.50 5.000 -3.000 0.900 12.00 10.50 5.000 -3.000 -0.900 12.00 10.50 4.000 -3.000 -0.900 11.00 10.50 0.000 1.000 0.000
q 0 -6.000 -4.000 0.900 1.00 10.50 -6.000 -4.000 -0.900 1.00 10.50 -5.000 -4.000 -0.900 2.00 10.50 -5.000 -4.000 0.900 2.00 10.50 -0.000 -1.000 -0.000
q 0 5.000 -4.000 0.900 12.00 10.50 5.000 -4.000 -0.900 12.00 10.50 6.000 -4.000 -0.900 13.00 10.50 6.000 -4.000 0.900 13.00 10.50 -0.000 -1.000 -0.000
q 0 -4.000 -4.000 0.900 3.00 11.50 -3.000 -4.000 0.900 4.00 11.50 -3.000 -4.000 -0.900 4.00 11.50 -4.000 -4.000 -0.900 3.00 11.50 0.000 1.000 0.000
q 0 3.000 -4.000 0.900 10.00 11.50 4.000 -4.000 0.900 11.00 11.50 4.000 -4.000 -0.900 11.00 11.50 3.000 -4.000 -0.900 10.00 11.50 0.000 1.000 0.000
q 0 -5.000 -5.000 0.900 2.00 11.50 -5.000 -5.000 -0.900 2.00 11.50 -4.000 -5.000 -0.900 3.00 11.50 -4.000 -5.000 0.900 3.00 11.50 -0.000 -1.000 -0.000
q 0 4.000 -5.000 0.900 11.00 11.50 4.000 -5.000 -0.900 11.00 11.50 5.000 -5.000 -0.900 12.00 11.50 5.000 -5.000 0.900 12.00 11.50 -0.000 -1.000 -0.000
q 0 -3.000 -5.000 0.900 4.00 12.50 3.000 -5.000 0.900 10.00 12.50 3.000 -5.000 -0.900 10.00 12.50 -3.000 -5.000 -0.900 4.00 12.50 0.000 1.000 0.000
q 0 -4.000 -6.000 0.900 3.00 12.50 -4.000 -6.000 -0.900 3.00 12.50 -3.000 -6.000 -0.900 4.00 12.50 -3.000 -6.000 0.900 4.00 12.50 -0.000 -1.000 -0.000
q 0 3.000 -6.000 0.900 10.00 12.50 3.000 -6.000 -0.900 10.00 12.50 4.000 -6.000 -0.900 11.00 12.50 4.000 -6.000 0.900 11.00 12.50 -0.000 -1.000 -0.000
q 0 -3.000 -7.000 0.900 4.00 13.50 -3.000 -7.000 -0.900 4.00 13.50 3.000 -7.000 -0.900 10.00 13.50 3.000 -7.000 0.900 10.00 13.50 -0.000 -1.000 -0.000
q 0 -7.000 3.000 0.900 0.50 4.00 -7.000 3.000 -0.900 0.50 4.00 -7.000 -3.000 -0.900 0.50 10.00 -7.000 -3.000 0.900 0.50 10.00 -1.000 -0.000 -0.000
q 0 -6.000 4.000 0.900 1.50 3.00 -6.000 4.000 -0.900 1.50 3.00 -6.000 3.000 -0.900 1.50 4.00 -6.000 3.000 0.900 1.50 4.00 -1.000 -0.000 -0.000
q 0 -6.000 -3.000 0.900 1.50 10.00 -6.000 -3.000 -0.900 1.50 10.00 -6.000 -4.000 -0.900 1.50 11.00 -6.000 -4.000 0.900 1.50 11.00 -1.000 -0.000 -0.000
q 0 -5.000 3.000 0.900 1.50 4.00 -5.000 -3.000 0.900 1.50 10.00 -5.000 -3.000 -0.900 1.50 10.00 -5.000 3.000 -0.900 1.50 4.00 1.000 0.000 0.000
q 0 -5.000 5.000 0.900 2.50 2.00 -5.000 5.000 -0.900 2.50 2.00 -5.000 4.000 -0.900 2.50 3.00 -5.000 4.000 0.900 2.50 3.00 -1.000 -0.000 -0.000
q 0 -5.000 -4.000 0.900 2.50 11.00 -5.000 -4.000 -0.900 2.50 11.00 -5.000 -5.000 -0.900 2.50 12.00 -5.000 -5.000 0.900 2.50 12.00 -1.000 -0.000 -0.000
q 0 -4.000 4.000 0.900 2.50 3.00 -4.000 3.000 0.900 2.50 4.00 -4.000 3.000 -0.900 2.50 4.00 -4.000 4.000 -0.900 2.50 3.00 1.000 0.000 0.000
q 0 -4.000 -3.000 0.900 2.50 10.00 -4.000 -4.000 0.900 2.50 11.00 -4.000 -4.000 -0.900 2.50 11.00 -4.000 -3.000 -0.900 2.50 10.00 1.000 0.000 0.000
q 0 -4.000 6.000 0.900 3.50 1.00 -4.000 6.000 -0.900 3.50 1.00 -4.000 5.000 -0.900 3.50 2.00 -4.000 5.000 0.900 3.50 2.00 -1.000 -0.000 -0.000
q 0 -4.000 -5.000 0.900 3.50 12.00 -4.000 -5.000 -0.900 3.50 12.00 -4.000 -6.000 -0.900 3.50 13.00 -4.000 -6.000 0.900 3.50 13.00 -1.000 -0.000 -0.000
q 0 -3.000 5.000 0.900 3.50 2.00 -3.000 4.000 0.900 3.50 3.00 -3.000 4.000 -0.900 3.50 3.00 -3.000 5.000 -0.900 3.50 2.00 1.000 0.000 0.000
q 0 -3.000 -4.000 0.900 3.50 11.00 -3.000 -5.000 0.900 3.50 12.00 -3.000 -5.000 -0.900 3.50 12.00 -3.000 -4.000 -0.900 3.50 11.00 1.000 0.000 0.000
q 0 -3.000 7.000 0.900 4.50 0.00 -3.000 7.000 -0.900 4.50 0.00 -3.000 6.000 -0.900 4.50 1.00 -3.000 6.000 0.900 4.50 1.00 -1.000 -0.000 -0.000
q 0 -3.000 -6.000 0.900 4.50 13.00 -3.000 -6.000 -0.900 4.50 13.00 -3.000 -7.000 -0.900 4.50 14.00 -3.000 -7.000 0.900 4.50 14.00 -1.000 -0.000 -0.000
q 0 3.000 7.000 0.900 9.50 0.00 3.000 6.000 0.900 9.50 1.00 3.000 6.000 -0.900 9.50 1.00 3.000 7.000 -0.900 9.50 0.00 1.000 0.000 0.000
q 0 3.000 -6.000 0.900 9.50 13.00 3.000 -7.000 0.900 9.50 14.00 3.000 -7.000 -0.900 9.50 14.00 3.000 -6.000 -0.900 9.50 13.00 1.000 0.000 0.000
q 0 3.000 5.000 0.900 10.50 2.00 3.000 5.000 -0.900 10.50 2.00 3.000 4.000 -0.900 10.50 3.00 3.000 4.000 0.900 10.50 3.00 -1.000 -0.000 -0.000
q 0 3.000 -4.000 0.900 10.50 11.00 3.000 -4.000 -0.900 10.50 11.00 3.000 -5.000 -0.900 10.50 12.00 3.000 -5.000 0.900 10.50 12.00 -1.000 -0.000 -0.000
q 0 4.000 6.000 0.900 10.50 1.00 4.000 5.000 0.900 10.50 2.00 4.000 5.000 -0.900 10.50 2.00 4.000 6.000 -0.900 10.50 1.00 1.000 0.000 0.000
q 0 4.000 -5.000 0.900 10.50 12.00 4.000 -6.000 0.900 10.50 13.00 4.000 -6.000 -0.900 10.50 13.00 4.000 -5.000 -0.900 10.50 12.00 1.000 0.000 0.000
q 0 4.000 4.000 0.900 11.50 3.00 4.000 4.000 -0.900 11.50 3.00 4.000 3.000 -0.900 11.50 4.00 4.000 3.000 0.900 11.50 4.00 -1.000 -0.000 -0.000
q 0 4.000 -3.000 0.900 11.50 10.00 4.000 -3.000 -0.900 11.50 10.00 4.000 -4.000 -0.900 11.50 11.00 4.000 -4.000 0.900 11.50 11.00 -1.000 -0.000 -0.000
q 0 5.000 5.000 0.900 11.50 2.00 5.000 4.000 0.900 11.50 3.00 5.000 4.000 -0.900 11.50 3.00 5.000 5.000 -0.900 11.50 2.00 1.000 0.000 0.000
q 0 5.000 -4.000 0.900 11.50 11.00 5.000 -5.000 0.900 11.50 12.00 5.000 -5.000 -0.900 11.50 12.00 5.000 -4.000 -0.900 11.50 11.00 1.000 0.000 0.000
q 0 5.000 3.000 0.900 12.50 4.00 5.000 3.000 -0.900 12.50 4.00 5.000 -3.000 -0.900 12.50 10.00 5.000 -3.000 0.900 12.50 10.00 -1.000 -0.000 -0.000
q 0 6.000 4.000 0.900 12.50 3.00 6.000 3.000 0.900 12.50 4.00 6.000 3.000 -0.900 12.50 4.00 6.000 4.000 -0.900 12.50 3.00 1.000 0.000 0.000
q 0 6.000 -3.000 0.900 12.50 10.00 6.000 -4.000 0.900 12.50 11.00 6.000 -4.000 -0.900 12.50 11.00 6.000 -3.000 -0.900 12.50 10.00 1.000 0.000 0.000
q 0 7.000 3.000 0.900 13.50 4.00 7.000 -3.000 0.900 13.50 10.00 7.000 -3.000 -0.900 13.50 10.00 7.000 3.000 -0.900 13.50 4.00 1.000 0.000 0.000
q 0 -1.500 6.500 1.200 33.00 3.00 1.500 6.500 1.200 36.00 3.00 1.500 6.500 -1.200 36.00 0.00 -1.500 6.500 -1.200 33.00 0.00 0.000 1.000 0.000
q 0 -1.500 3.500 -1.200 36.00 0.00 1.500 3.500 -1.200 39.00 0.00 1.500 3.500 1.200 39.00 3.00 -1.500 3.500 1.200 36.00 3.00 0.000 -1.000 0.000
q 0 -1.500 3.500 -1.200 30.00 6.00 -1.500 3.500 1.200 33.00 6.00 -1.500 6.500 1.200 33.00 3.00 -1.500 6.500 -1.200 30.00 3.00 -1.000 0.000 0.000
q 0 1.500 3.500 -1.200 33.00 6.00 -1.500 3.500 -1.200 36.00 6.00 -1.500 6.500 -1.200 36.00 3.00 1.500 6.500 -1.200 33.00 3.00 0.000 0.000 -1.000
q 2 1.500 3.500 -1.200 33.00 6.00 -1.500 3.500 -1.200 36.00 6.00 -1.500 6.500 -1.200 36.00 3.00 1.500 6.500 -1.200 33.00 3.00 0.000 0.000 -1.000
q 0 1.500 3.500 1.200 36.00 6.00 1.500 3.500 -1.200 39.00 6.00 1.500 6.500 -1.200 39.00 3.00 1.500 6.500 1.200 36.00 3.00 1.000 -0.000 0.000
q 0 -1.500 3.500 1.200 39.00 6.00 1.500 3.500 1.200 42.00 6.00 1.500 6.500 1.200 42.00 3.00 -1.500 6.500 1.200 39.00 3.00 0.000 -0.000 1.000
q 2 -1.500 3.500 1.200 39.00 6.00 1.500 3.500 1.200 42.00 6.00 1.500 6.500 1.200 42.00 3.00 -1.500 6.500 1.200 39.00 3.00 0.000 -0.000 1.000
q 0 -11.500 -1.000 0.400 43.00 4.00 -7.500 -1.000 0.400 47.00 4.00 -7.500 3.000 0.400 47.00 0.00 -11.500 3.000 0.400 43.00 0.00 0.000 -0.000 1.000
q 0 -11.500 -1.000 -0.400 52.00 4.00 -11.500 3.000 -0.400 52.00 0.00 -7.500 3.000 -0.400 48.00 0.00 -7.500 -1.000 -0.400 48.00 4.00 -0.000 0.000 -1.000
q 0 -11.500 3.000 0.400 43.00 0.50 -9.500 3.000 0.400 45.00 0.50 -9.500 3.000 -0.400 45.00 0.50 -11.500 3.000 -0.400 43.00 0.50 0.000 1.000 0.000
q 0 -9.500 2.000 0.400 45.00 1.50 -8.500 2.000 0.400 46.00 1.50 -8.500 2.000 -0.400 46.00 1.50 -9.500 2.000 -0.400 45.00 1.50 0.000 1.000 0.000
q 0 -8.500 1.000 0.400 46.00 2.50 -7.500 1.000 0.400 47.00 2.50 -7.500 1.000 -0.400 47.00 2.50 -8.500 1.000 -0.400 46.00 2.50 0.000 1.000 0.000
q 0 -11.500 0.000 0.400 43.00 2.50 -11.500 0.000 -0.400 43.00 2.50 -10.500 0.000 -0.400 44.00 2.50 -10.500 0.000 0.400 44.00 2.50 -0.000 -1.000 -0.000
q 0 -10.500 -1.000 0.400 44.00 3.50 -10.500 -1.000 -0.400 44.00 3.50 -7.500 -1.000 -0.400 47.00 3.50 -7.500 -1.000 0.400 47.00 3.50 -0.000 -1.000 -0.000
q 0 -11.500 3.000 0.400 43.50 0.00 -11.500 3.000 -0.400 43.50 0.00 -11.500 0.000 -0.400 43.50 3.00 -11.500 0.000 0.400 43.50 3.00 -1.000 -0.000 -0.000
q 0 -10.500 0.000 0.400 44.50 3.00 -10.500 0.000 -0.400 44.50 3.00 -10.500 -1.000 -0.400 44.50 4.00 -10.500 -1.000 0.400 44.50 4.00 -1.000 -0.000 -0.000
q 0 -9.500 3.000 0.400 44.50 0.00 -9.500 2.000 0.400 44.50 1.00 -9.500 2.000 -0.400 44.50 1.00 -9.500 3.000 -0.400 44.50 0.00 1.000 0.000 0.000
q 0 -8.500 2.000 0.400 45.50 1.00 -8.500 1.000 0.400 45.50 2.00 -8.500 1.000 -0.400 45.50 2.00 -8.500 2.000 -0.400 45.50 1.00 1.000 0.000 0.000
q 0 -7.500 1.000 0.400 46.50 2.00 -7.500 -1.000 0.400 46.50 4.00 -7.500 -1.000 -0.400 46.50 4.00 -7.500 1.000 -0.400 46.50 2.00 1.000 0.000 0.000
q 0 7.500 -1.000 0.400 53.00 4.00 11.500 -1.000 0.400 57.00 4.00 11.500 3.000 0.400 57.00 0.00 7.500 3.000 0.400 53.00 0.00 0.000 -0.000 1.000
q 0 7.500 -1.000 -0.400 62.00 4.00 7.500 3.000 -0.400 62.00 0.00 11.500 3.000 -0.400 58.00 0.00 11.500 -1.000 -0.400 58.00 4.00 -0.000 0.000 -1.000
q 0 9.500 3.000 0.400 55.00 0.50 11.500 3.000 0.400 57.00 0.50 11.500 3.000 -0.400 57.00 0.50 9.500 3.000 -0.400 55.00 0.50 0.000 1.000 0.000
q 0 8.500 2.000 0.400 54.00 1.50 9.500 2.000 0.400 55.00 1.50 9.500 2.000 -0.400 55.00 1.50 8.500 2.000 -0.400 54.00 1.50 0.000 1.000 0.000
q 0 7.500 1.000 0.400 53.00 2.50 8.500 1.000 0.400 54.00 2.50 8.500 1.000 -0.400 54.00 2.50 7.500 1.000 -0.400 53.00 2.50 0.000 1.000 0.000
q 0 10.500 0.000 0.400 56.00 2.50 10.500 0.000 -0.400 56.00 2.50 11.500 0.000 -0.400 57.00 2.50 11.500 0.000 0.400 57.00 2.50 -0.000 -1.000 -0.000
q 0 7.500 -1.000 0.400 53.00 3.50 7.500 -1.000 -0.400 53.00 3.50 10.500 -1.000 -0.400 56.00 3.50 10.500 -1.000 0.400 56.00 3.50 -0.000 -1.000 -0.000
q 0 7.500 1.000 0.400 53.50 2.00 7.500 1.000 -0.400 53.50 2.00 7.500 -1.000 -0.400 53.50 4.00 7.500 -1.000 0.400 53.50 4.00 -1.000 -0.000 -0.000
q 0 8.500 2.000 0.400 54.50 1.00 8.500 2.000 -0.400 54.50 1.00 8.500 1.000 -0.400 54.50 2.00 8.500 1.000 0.400 54.50 2.00 -1.000 -0.000 -0.000
q 0 9.500 3.000 0.400 55.50 0.00 9.500 3.000 -0.400 55.50 0.00 9.500 2.000 -0.400 55.50 1.00 9.500 2.000 0.400 55.50 1.00 -1.000 -0.000 -0.000
q 0 10.500 0.000 0.400 55.50 3.00 10.500 -1.000 0.400 55.50 4.00 10.500 -1.000 -0.400 55.50 4.00 10.500 0.000 -0.400 55.50 3.00 1.000 0.000 0.000
q 0 11.500 3.000 0.400 56.50 0.00 11.500 0.000 0.400 56.50 3.00 11.500 0.000 -0.400 56.50 3.00 11.500 3.000 -0.400 56.50 0.00 1.000 0.000 0.000
