# generated by tools/gen_weapon_models.py (communication_magic_device)
place 0.50000 0.14375 90.000 0.050893 -7.000
glow AAE6FF 0.1 0.45 1.0
q 0 -7.000 -7.000 1.400 0.00 14.00 7.000 -7.000 1.400 14.00 14.00 7.000 7.000 1.400 14.00 0.00 -7.000 7.000 1.400 0.00 0.00 0.000 -0.000 1.000
q 2 -7.000 -7.000 1.400 0.00 14.00 7.000 -7.000 1.400 14.00 14.00 7.000 7.000 1.400 14.00 0.00 -7.000 7.000 1.400 0.00 0.00 0.000 -0.000 1.000
q 0 -7.000 -7.000 -1.400 29.00 14.00 -7.000 7.000 -1.400 29.00 0.00 7.000 7.000 -1.400 15.00 0.00 7.000 -7.000 -1.400 15.00 14.00 -0.000 0.000 -1.000
q 2 -7.000 -7.000 -1.400 29.00 14.00 -7.000 7.000 -1.400 29.00 0.00 7.000 7.000 -1.400 15.00 0.00 7.000 -7.000 -1.400 15.00 14.00 -0.000 0.000 -1.000
q 0 -3.000 7.000 1.400 4.00 0.50 3.000 7.000 1.400 10.00 0.50 3.000 7.000 -1.400 10.00 0.50 -3.000 7.000 -1.400 4.00 0.50 0.000 1.000 0.000
q 0 -4.000 6.000 1.400 3.00 1.50 -3.000 6.000 1.400 4.00 1.50 -3.000 6.000 -1.400 4.00 1.50 -4.000 6.000 -1.400 3.00 1.50 0.000 1.000 0.000
q 0 3.000 6.000 1.400 10.00 1.50 4.000 6.000 1.400 11.00 1.50 4.000 6.000 -1.400 11.00 1.50 3.000 6.000 -1.400 10.00 1.50 0.000 1.000 0.000
q 0 -5.000 5.000 1.400 2.00 2.50 -4.000 5.000 1.400 3.00 2.50 -4.000 5.000 -1.400 3.00 2.50 -5.000 5.000 -1.400 2.00 2.50 0.000 1.000 0.000
q 0 4.000 5.000 1.400 11.00 2.50 5.000 5.000 1.400 12.00 2.50 5.000 5.000 -1.400 12.00 2.50 4.000 5.000 -1.400 11.00 2.50 0.000 1.000 0.000
q 0 -6.000 4.000 1.400 1.00 3.50 -5.000 4.000 1.400 2.00 3.50 -5.000 4.000 -1.400 2.00 3.50 -6.000 4.000 -1.400 1.00 3.50 0.000 1.000 0.000
q 0 5.000 4.000 1.400 12.00 3.50 6.000 4.000 1.400 13.00 3.50 6.000 4.000 -1.400 13.00 3.50 5.000 4.000 -1.400 12.00 3.50 0.000 1.000 0.000
q 0 -7.000 3.000 1.400 0.00 4.50 -6.000 3.000 1.400 1.00 4.50 -6.000 3.000 -1.400 1.00 4.50 -7.000 3.000 -1.400 0.00 4.50 0.000 1.000 0.000
q 0 6.000 3.000 1.400 13.00 4.50 7.000 3.000 1.400 14.00 4.50 7.000 3.000 -1.400 14.00 4.50 6.000 3.000 -1.400 13.00 4.50 0.000 1.000 0.000
q 0 -7.000 -3.000 1.400 0.00 9.50 -7.000 -3.000 -1.400 0.00 9.50 -6.000 -3.000 -1.400 1.00 9.50 -6.000 -3.000 1.400 1.00 9.50 -0.000 -1.000 -0.000
q 0 6.000 -3.000 1.400 13.00 9.50 6.000 -3.000 -1.400 13.00 9.50 7.000 -3.000 -1.400 14.00 9.50 7.000 -3.000 1.400 14.00 9.50 -0.000 -1.000 -0.000
q 0 -6.000 -4.000 1.400 1.00 10.50 -6.000 -4.000 -1.400 1.00 10.50 -5.000 -4.000 -1.400 2.00 10.50 -5.000 -4.000 1.400 2.00 10.50 -0.000 -1.000 -0.000
q 0 5.000 -4.000 1.400 12.00 10.50 5.000 -4.000 -1.400 12.00 10.50 6.000 -4.000 -1.400 13.00 10.50 6.000 -4.000 1.400 13.00 10.50 -0.000 -1.000 -0.000
q 0 -5.000 -5.000 1.400 2.00 11.50 -5.000 -5.000 -1.400 2.00 11.50 -4.000 -5.000 -1.400 3.00 11.50 -4.000 -5.000 1.400 3.00 11.50 -0.000 -1.000 -0.000
q 0 4.000 -5.000 1.400 11.00 11.50 4.000 -5.000 -1.400 11.00 11.50 5.000 -5.000 -1.400 12.00 11.50 5.000 -5.000 1.400 12.00 11.50 -0.000 -1.000 -0.000
q 0 -4.000 -6.000 1.400 3.00 12.50 -4.000 -6.000 -1.400 3.00 12.50 -3.000 -6.000 -1.400 4.00 12.50 -3.000 -6.000 1.400 4.00 12.50 -0.000 -1.000 -0.000
q 0 3.000 -6.000 1.400 10.00 12.50 3.000 -6.000 -1.400 10.00 12.50 4.000 -6.000 -1.400 11.00 12.50 4.000 -6.000 1.400 11.00 12.50 -0.000 -1.000 -0.000
q 0 -3.000 -7.000 1.400 4.00 13.50 -3.000 -7.000 -1.400 4.00 13.50 3.000 -7.000 -1.400 10.00 13.50 3.000 -7.000 1.400 10.00 13.50 -0.000 -1.000 -0.000
q 0 -7.000 3.000 1.400 0.50 4.00 -7.000 3.000 -1.400 0.50 4.00 -7.000 -3.000 -1.400 0.50 10.00 -7.000 -3.000 1.400 0.50 10.00 -1.000 -0.000 -0.000
q 0 -6.000 4.000 1.400 1.50 3.00 -6.000 4.000 -1.400 1.50 3.00 -6.000 3.000 -1.400 1.50 4.00 -6.000 3.000 1.400 1.50 4.00 -1.000 -0.000 -0.000
q 0 -6.000 -3.000 1.400 1.50 10.00 -6.000 -3.000 -1.400 1.50 10.00 -6.000 -4.000 -1.400 1.50 11.00 -6.000 -4.000 1.400 1.50 11.00 -1.000 -0.000 -0.000
q 0 -5.000 5.000 1.400 2.50 2.00 -5.000 5.000 -1.400 2.50 2.00 -5.000 4.000 -1.400 2.50 3.00 -5.000 4.000 1.400 2.50 3.00 -1.000 -0.000 -0.000
q 0 -5.000 -4.000 1.400 2.50 11.00 -5.000 -4.000 -1.400 2.50 11.00 -5.000 -5.000 -1.400 2.50 12.00 -5.000 -5.000 1.400 2.50 12.00 -1.000 -0.000 -0.000
q 0 -4.000 6.000 1.400 3.50 1.00 -4.000 6.000 -1.400 3.50 1.00 -4.000 5.000 -1.400 3.50 2.00 -4.000 5.000 1.400 3.50 2.00 -1.000 -0.000 -0.000
q 0 -4.000 -5.000 1.400 3.50 12.00 -4.000 -5.000 -1.400 3.50 12.00 -4.000 -6.000 -1.400 3.50 13.00 -4.000 -6.000 1.400 3.50 13.00 -1.000 -0.000 -0.000
q 0 -3.000 7.000 1.400 4.50 0.00 -3.000 7.000 -1.400 4.50 0.00 -3.000 6.000 -1.400 4.50 1.00 -3.000 6.000 1.400 4.50 1.00 -1.000 -0.000 -0.000
q 0 -3.000 -6.000 1.400 4.50 13.00 -3.000 -6.000 -1.400 4.50 13.00 -3.000 -7.000 -1.400 4.50 14.00 -3.000 -7.000 1.400 4.50 14.00 -1.000 -0.000 -0.000
q 0 3.000 7.000 1.400 9.50 0.00 3.000 6.000 1.400 9.50 1.00 3.000 6.000 -1.400 9.50 1.00 3.000 7.000 -1.400 9.50 0.00 1.000 0.000 0.000
q 0 3.000 -6.000 1.400 9.50 13.00 3.000 -7.000 1.400 9.50 14.00 3.000 -7.000 -1.400 9.50 14.00 3.000 -6.000 -1.400 9.50 13.00 1.000 0.000 0.000
q 0 4.000 6.000 1.400 10.50 1.00 4.000 5.000 1.400 10.50 2.00 4.000 5.000 -1.400 10.50 2.00 4.000 6.000 -1.400 10.50 1.00 1.000 0.000 0.000
q 0 4.000 -5.000 1.400 10.50 12.00 4.000 -6.000 1.400 10.50 13.00 4.000 -6.000 -1.400 10.50 13.00 4.000 -5.000 -1.400 10.50 12.00 1.000 0.000 0.000
q 0 5.000 5.000 1.400 11.50 2.00 5.000 4.000 1.400 11.50 3.00 5.000 4.000 -1.400 11.50 3.00 5.000 5.000 -1.400 11.50 2.00 1.000 0.000 0.000
q 0 5.000 -4.000 1.400 11.50 11.00 5.000 -5.000 1.400 11.50 12.00 5.000 -5.000 -1.400 11.50 12.00 5.000 -4.000 -1.400 11.50 11.00 1.000 0.000 0.000
q 0 6.000 4.000 1.400 12.50 3.00 6.000 3.000 1.400 12.50 4.00 6.000 3.000 -1.400 12.50 4.00 6.000 4.000 -1.400 12.50 3.00 1.000 0.000 0.000
q 0 6.000 -3.000 1.400 12.50 10.00 6.000 -4.000 1.400 12.50 11.00 6.000 -4.000 -1.400 12.50 11.00 6.000 -3.000 -1.400 12.50 10.00 1.000 0.000 0.000
q 0 7.000 3.000 1.400 13.50 4.00 7.000 -3.000 1.400 13.50 10.00 7.000 -3.000 -1.400 13.50 10.00 7.000 3.000 -1.400 13.50 4.00 1.000 0.000 0.000
q 0 -2.000 2.000 2.200 35.00 5.00 2.000 2.000 2.200 39.00 5.00 2.000 2.000 -2.200 39.00 0.00 -2.000 2.000 -2.200 35.00 0.00 0.000 1.000 0.000
q 2 -2.000 2.000 2.200 35.00 5.00 2.000 2.000 2.200 39.00 5.00 2.000 2.000 -2.200 39.00 0.00 -2.000 2.000 -2.200 35.00 0.00 0.000 1.000 0.000
q 0 -2.000 -2.000 -2.200 39.00 0.00 2.000 -2.000 -2.200 43.00 0.00 2.000 -2.000 2.200 43.00 5.00 -2.000 -2.000 2.200 39.00 5.00 0.000 -1.000 0.000
q 2 -2.000 -2.000 -2.200 39.00 0.00 2.000 -2.000 -2.200 43.00 0.00 2.000 -2.000 2.200 43.00 5.00 -2.000 -2.000 2.200 39.00 5.00 0.000 -1.000 0.000
q 0 -2.000 -2.000 -2.200 30.00 9.00 -2.000 -2.000 2.200 35.00 9.00 -2.000 2.000 2.200 35.00 5.00 -2.000 2.000 -2.200 30.00 5.00 -1.000 0.000 0.000
q 2 -2.000 -2.000 -2.200 30.00 9.00 -2.000 -2.000 2.200 35.00 9.00 -2.000 2.000 2.200 35.00 5.00 -2.000 2.000 -2.200 30.00 5.00 -1.000 0.000 0.000
q 0 2.000 -2.000 -2.200 35.00 9.00 -2.000 -2.000 -2.200 39.00 9.00 -2.000 2.000 -2.200 39.00 5.00 2.000 2.000 -2.200 35.00 5.00 0.000 0.000 -1.000
q 2 2.000 -2.000 -2.200 35.00 9.00 -2.000 -2.000 -2.200 39.00 9.00 -2.000 2.000 -2.200 39.00 5.00 2.000 2.000 -2.200 35.00 5.00 0.000 0.000 -1.000
q 0 2.000 -2.000 2.200 39.00 9.00 2.000 -2.000 -2.200 44.00 9.00 2.000 2.000 -2.200 44.00 5.00 2.000 2.000 2.200 39.00 5.00 1.000 -0.000 0.000
q 2 2.000 -2.000 2.200 39.00 9.00 2.000 -2.000 -2.200 44.00 9.00 2.000 2.000 -2.200 44.00 5.00 2.000 2.000 2.200 39.00 5.00 1.000 -0.000 0.000
q 0 -2.000 -2.000 2.200 44.00 9.00 2.000 -2.000 2.200 48.00 9.00 2.000 2.000 2.200 48.00 5.00 -2.000 2.000 2.200 44.00 5.00 0.000 -0.000 1.000
q 2 -2.000 -2.000 2.200 44.00 9.00 2.000 -2.000 2.200 48.00 9.00 2.000 2.000 2.200 48.00 5.00 -2.000 2.000 2.200 44.00 5.00 0.000 -0.000 1.000
