# generated by tools/gen_weapon_models.py (demon_destroyer_sword)
place 0.11126 0.10749 45.065 0.018533 -18.000
q 0 -5.000 0.000 0.750 1.00 44.00 0.000 0.000 0.750 6.00 44.00 0.000 12.000 0.750 6.00 32.00 -5.000 12.000 0.750 1.00 32.00 0.000 -0.000 1.000
q 0 0.000 0.000 0.750 6.00 44.00 5.000 0.000 0.750 11.00 44.00 5.000 12.000 0.750 11.00 32.00 0.000 12.000 0.750 6.00 32.00 0.000 -0.000 1.000
q 0 -5.000 0.000 -0.750 24.00 44.00 -5.000 12.000 -0.750 24.00 32.00 0.000 12.000 -0.750 19.00 32.00 0.000 0.000 -0.750 19.00 44.00 -0.000 0.000 -1.000
q 0 0.000 0.000 -0.750 19.00 44.00 0.000 12.000 -0.750 19.00 32.00 5.000 12.000 -0.750 14.00 32.00 5.000 0.000 -0.750 14.00 44.00 -0.000 0.000 -1.000
q 0 -5.000 0.000 0.750 28.00 44.00 -5.000 12.000 0.750 28.00 32.00 -5.000 12.000 -0.750 26.00 32.00 -5.000 0.000 -0.750 26.00 44.00 -1.000 0.000 -0.000
q 0 5.000 0.000 0.750 28.00 44.00 5.000 0.000 -0.750 26.00 44.00 5.000 12.000 -0.750 26.00 32.00 5.000 12.000 0.750 28.00 32.00 1.000 -0.000 0.000
q 0 -5.000 12.000 0.750 1.00 32.00 0.000 12.000 0.750 6.00 32.00 0.000 24.000 0.750 6.00 20.00 -4.800 24.000 0.750 1.20 20.00 0.000 -0.000 1.000
q 0 0.000 12.000 0.750 6.00 32.00 5.000 12.000 0.750 11.00 32.00 4.800 24.000 0.750 10.80 20.00 0.000 24.000 0.750 6.00 20.00 0.000 -0.000 1.000
q 0 -5.000 12.000 -0.750 24.00 32.00 -4.800 24.000 -0.750 23.80 20.00 0.000 24.000 -0.750 19.00 20.00 0.000 12.000 -0.750 19.00 32.00 -0.000 0.000 -1.000
q 0 0.000 12.000 -0.750 19.00 32.00 0.000 24.000 -0.750 19.00 20.00 4.800 24.000 -0.750 14.20 20.00 5.000 12.000 -0.750 14.00 32.00 -0.000 0.000 -1.000
q 0 -5.000 12.000 0.750 28.00 32.00 -4.800 24.000 0.750 28.00 20.00 -4.800 24.000 -0.750 26.00 20.00 -5.000 12.000 -0.750 26.00 32.00 -1.000 0.017 -0.000
q 0 5.000 12.000 0.750 28.00 32.00 5.000 12.000 -0.750 26.00 32.00 4.800 24.000 -0.750 26.00 20.00 4.800 24.000 0.750 28.00 20.00 1.000 0.017 0.000
q 0 -4.800 24.000 0.750 1.20 20.00 0.000 24.000 0.750 6.00 20.00 0.000 31.000 0.750 6.00 13.00 -4.600 31.000 0.750 1.40 13.00 0.000 -0.000 1.000
q 0 0.000 24.000 0.750 6.00 20.00 4.800 24.000 0.750 10.80 20.00 4.600 31.000 0.750 10.60 13.00 0.000 31.000 0.750 6.00 13.00 0.000 -0.000 1.000
q 0 -4.800 24.000 -0.750 23.80 20.00 -4.600 31.000 -0.750 23.60 13.00 0.000 31.000 -0.750 19.00 13.00 0.000 24.000 -0.750 19.00 20.00 -0.000 0.000 -1.000
q 0 0.000 24.000 -0.750 19.00 20.00 0.000 31.000 -0.750 19.00 13.00 4.600 31.000 -0.750 14.40 13.00 4.800 24.000 -0.750 14.20 20.00 -0.000 0.000 -1.000
q 0 -4.800 24.000 0.750 28.00 20.00 -4.600 31.000 0.750 28.00 13.00 -4.600 31.000 -0.750 26.00 13.00 -4.800 24.000 -0.750 26.00 20.00 -1.000 0.029 -0.000
q 0 4.800 24.000 0.750 28.00 20.00 4.800 24.000 -0.750 26.00 20.00 4.600 31.000 -0.750 26.00 13.00 4.600 31.000 0.750 28.00 13.00 1.000 0.029 0.000
q 0 -4.600 31.000 0.750 1.40 13.00 0.000 31.000 0.750 6.00 13.00 0.000 33.000 0.750 6.00 11.00 -3.400 33.000 0.750 2.60 11.00 0.000 -0.000 1.000
q 0 0.000 31.000 0.750 6.00 13.00 4.600 31.000 0.750 10.60 13.00 4.600 33.000 0.750 10.60 11.00 0.000 33.000 0.750 6.00 11.00 0.000 -0.000 1.000
q 0 -4.600 31.000 -0.750 23.60 13.00 -3.400 33.000 -0.750 22.40 11.00 0.000 33.000 -0.750 19.00 11.00 0.000 31.000 -0.750 19.00 13.00 -0.000 0.000 -1.000
q 0 0.000 31.000 -0.750 19.00 13.00 0.000 33.000 -0.750 19.00 11.00 4.600 33.000 -0.750 14.40 11.00 4.600 31.000 -0.750 14.40 13.00 -0.000 0.000 -1.000
q 0 -4.600 31.000 0.750 28.00 13.00 -3.400 33.000 0.750 28.00 11.00 -3.400 33.000 -0.750 26.00 11.00 -4.600 31.000 -0.750 26.00 13.00 -0.857 0.514 -0.000
q 0 4.600 31.000 0.750 28.00 13.00 4.600 31.000 -0.750 26.00 13.00 4.600 33.000 -0.750 26.00 11.00 4.600 33.000 0.750 28.00 11.00 1.000 -0.000 0.000
q 0 -3.400 33.000 0.750 2.60 11.00 0.000 33.000 0.750 6.00 11.00 0.000 35.000 0.750 6.00 9.00 -4.400 35.000 0.750 1.60 9.00 0.000 -0.000 1.000
q 0 0.000 33.000 0.750 6.00 11.00 4.600 33.000 0.750 10.60 11.00 4.400 35.000 0.750 10.40 9.00 0.000 35.000 0.750 6.00 9.00 0.000 -0.000 1.000
q 0 -3.400 33.000 -0.750 22.40 11.00 -4.400 35.000 -0.750 23.40 9.00 0.000 35.000 -0.750 19.00 9.00 0.000 33.000 -0.750 19.00 11.00 -0.000 0.000 -1.000
q 0 0.000 33.000 -0.750 19.00 11.00 0.000 35.000 -0.750 19.00 9.00 4.400 35.000 -0.750 14.60 9.00 4.600 33.000 -0.750 14.40 11.00 -0.000 0.000 -1.000
q 0 -3.400 33.000 0.750 28.00 11.00 -4.400 35.000 0.750 28.00 9.00 -4.400 35.000 -0.750 26.00 9.00 -3.400 33.000 -0.750 26.00 11.00 -0.894 -0.447 -0.000
q 0 4.600 33.000 0.750 28.00 11.00 4.600 33.000 -0.750 26.00 11.00 4.400 35.000 -0.750 26.00 9.00 4.400 35.000 0.750 28.00 9.00 0.995 0.100 0.000
q 0 -4.400 35.000 0.750 1.60 9.00 0.000 35.000 0.750 6.00 9.00 0.000 38.000 0.750 6.00 6.00 -4.300 38.000 0.750 1.70 6.00 0.000 -0.000 1.000
q 0 0.000 35.000 0.750 6.00 9.00 4.400 35.000 0.750 10.40 9.00 4.300 38.000 0.750 10.30 6.00 0.000 38.000 0.750 6.00 6.00 0.000 -0.000 1.000
q 0 -4.400 35.000 -0.750 23.40 9.00 -4.300 38.000 -0.750 23.30 6.00 0.000 38.000 -0.750 19.00 6.00 0.000 35.000 -0.750 19.00 9.00 -0.000 0.000 -1.000
q 0 0.000 35.000 -0.750 19.00 9.00 0.000 38.000 -0.750 19.00 6.00 4.300 38.000 -0.750 14.70 6.00 4.400 35.000 -0.750 14.60 9.00 -0.000 0.000 -1.000
q 0 -4.400 35.000 0.750 28.00 9.00 -4.300 38.000 0.750 28.00 6.00 -4.300 38.000 -0.750 26.00 6.00 -4.400 35.000 -0.750 26.00 9.00 -0.999 0.033 -0.000
q 0 4.400 35.000 0.750 28.00 9.00 4.400 35.000 -0.750 26.00 9.00 4.300 38.000 -0.750 26.00 6.00 4.300 38.000 0.750 28.00 6.00 0.999 0.033 0.000
q 0 -4.300 38.000 0.750 1.70 6.00 0.000 38.000 0.750 6.00 6.00 0.000 44.000 0.750 6.00 0.00 0.000 44.000 0.750 6.00 0.00 0.000 0.000 1.000
q 0 0.000 38.000 0.750 6.00 6.00 4.300 38.000 0.750 10.30 6.00 0.000 44.000 0.750 6.00 0.00 0.000 44.000 0.750 6.00 0.00 0.000 -0.000 1.000
q 0 -4.300 38.000 -0.750 23.30 6.00 0.000 44.000 -0.750 19.00 0.00 0.000 44.000 -0.750 19.00 0.00 0.000 38.000 -0.750 19.00 6.00 -0.000 -0.000 -1.000
q 0 0.000 38.000 -0.750 19.00 6.00 0.000 44.000 -0.750 19.00 0.00 0.000 44.000 -0.750 19.00 0.00 4.300 38.000 -0.750 14.70 6.00 -0.000 0.000 -1.000
q 0 -4.300 38.000 0.750 28.00 6.00 0.000 44.000 0.750 28.00 0.00 0.000 44.000 -0.750 26.00 0.00 -4.300 38.000 -0.750 26.00 6.00 -0.813 0.583 -0.000
q 0 4.300 38.000 0.750 28.00 6.00 4.300 38.000 -0.750 26.00 6.00 0.000 44.000 -0.750 26.00 0.00 0.000 44.000 0.750 28.00 0.00 0.813 0.583 0.000
q 0 -5.000 0.000 0.750 26.00 44.00 -5.000 0.000 -0.750 26.00 44.50 0.000 0.000 -0.750 27.00 44.50 0.000 0.000 0.750 27.00 44.00 -0.000 -1.000 -0.000
q 0 0.000 0.000 0.750 27.00 44.00 0.000 0.000 -0.750 27.00 44.50 5.000 0.000 -0.750 28.00 44.50 5.000 0.000 0.750 28.00 44.00 -0.000 -1.000 -0.000
q 1 -3.200 27.000 0.780 0.00 0.00 -0.600 27.000 0.780 0.00 0.00 -0.600 30.500 0.780 0.00 0.00 -3.200 30.500 0.780 0.00 0.00 0.000 -0.000 1.000
q 1 -3.200 27.000 -0.780 0.00 0.00 -3.200 30.500 -0.780 0.00 0.00 -0.600 30.500 -0.780 0.00 0.00 -0.600 27.000 -0.780 0.00 0.00 -0.000 0.000 -1.000
q 1 0.600 18.000 0.780 0.00 0.00 3.000 18.000 0.780 0.00 0.00 3.000 21.000 0.780 0.00 0.00 0.600 21.000 0.780 0.00 0.00 0.000 -0.000 1.000
q 1 0.600 18.000 -0.780 0.00 0.00 0.600 21.000 -0.780 0.00 0.00 3.000 21.000 -0.780 0.00 0.00 3.000 18.000 -0.780 0.00 0.00 -0.000 0.000 -1.000
q 1 -2.000 10.000 0.780 0.00 0.00 0.000 10.000 0.780 0.00 0.00 0.000 12.500 0.780 0.00 0.00 -2.000 12.500 0.780 0.00 0.00 0.000 -0.000 1.000
q 1 -2.000 10.000 -0.780 0.00 0.00 -2.000 12.500 -0.780 0.00 0.00 0.000 12.500 -0.780 0.00 0.00 0.000 10.000 -0.780 0.00 0.00 -0.000 0.000 -1.000
q 0 -9.500 -10.500 1.200 29.00 19.00 9.500 -10.500 1.200 48.00 19.00 9.500 8.500 1.200 48.00 0.00 -9.500 8.500 1.200 29.00 0.00 0.000 -0.000 1.000
q 0 -9.500 -10.500 -1.200 68.00 19.00 -9.500 8.500 -1.200 68.00 0.00 9.500 8.500 -1.200 49.00 0.00 9.500 -10.500 -1.200 49.00 19.00 -0.000 0.000 -1.000
q 0 -3.500 6.500 1.200 35.00 2.50 -0.500 6.500 1.200 38.00 2.50 -0.500 6.500 -1.200 38.00 2.50 -3.500 6.500 -1.200 35.00 2.50 0.000 1.000 0.000
q 0 0.500 6.500 1.200 39.00 2.50 3.500 6.500 1.200 42.00 2.50 3.500 6.500 -1.200 42.00 2.50 0.500 6.500 -1.200 39.00 2.50 0.000 1.000 0.000
q 0 -4.500 5.500 1.200 34.00 3.50 -3.500 5.500 1.200 35.00 3.50 -3.500 5.500 -1.200 35.00 3.50 -4.500 5.500 -1.200 34.00 3.50 0.000 1.000 0.000
q 0 -0.500 5.500 1.200 38.00 3.50 0.500 5.500 1.200 39.00 3.50 0.500 5.500 -1.200 39.00 3.50 -0.500 5.500 -1.200 38.00 3.50 0.000 1.000 0.000
q 0 3.500 5.500 1.200 42.00 3.50 4.500 5.500 1.200 43.00 3.50 4.500 5.500 -1.200 43.00 3.50 3.500 5.500 -1.200 42.00 3.50 0.000 1.000 0.000
q 0 -4.500 3.500 1.200 34.00 4.50 -4.500 3.500 -1.200 34.00 4.50 -3.500 3.500 -1.200 35.00 4.50 -3.500 3.500 1.200 35.00 4.50 -0.000 -1.000 -0.000
q 0 3.500 3.500 1.200 42.00 4.50 3.500 3.500 -1.200 42.00 4.50 4.500 3.500 -1.200 43.00 4.50 4.500 3.500 1.200 43.00 4.50 -0.000 -1.000 -0.000
q 0 -6.500 3.500 1.200 32.00 5.50 -4.500 3.500 1.200 34.00 5.50 -4.500 3.500 -1.200 34.00 5.50 -6.500 3.500 -1.200 32.00 5.50 0.000 1.000 0.000
q 0 4.500 3.500 1.200 43.00 5.50 6.500 3.500 1.200 45.00 5.50 6.500 3.500 -1.200 45.00 5.50 4.500 3.500 -1.200 43.00 5.50 0.000 1.000 0.000
q 0 -3.500 2.500 1.200 35.00 5.50 -3.500 2.500 -1.200 35.00 5.50 -1.500 2.500 -1.200 37.00 5.50 -1.500 2.500 1.200 37.00 5.50 -0.000 -1.000 -0.000
q 0 1.500 2.500 1.200 40.00 5.50 1.500 2.500 -1.200 40.00 5.50 3.500 2.500 -1.200 42.00 5.50 3.500 2.500 1.200 42.00 5.50 -0.000 -1.000 -0.000
q 0 -7.500 2.500 1.200 31.00 6.50 -6.500 2.500 1.200 32.00 6.50 -6.500 2.500 -1.200 32.00 6.50 -7.500 2.500 -1.200 31.00 6.50 0.000 1.000 0.000
q 0 -4.500 2.500 1.200 34.00 6.50 -3.500 2.500 1.200 35.00 6.50 -3.500 2.500 -1.200 35.00 6.50 -4.500 2.500 -1.200 34.00 6.50 0.000 1.000 0.000
q 0 3.500 2.500 1.200 42.00 6.50 4.500 2.500 1.200 43.00 6.50 4.500 2.500 -1.200 43.00 6.50 3.500 2.500 -1.200 42.00 6.50 0.000 1.000 0.000
q 0 6.500 2.500 1.200 45.00 6.50 7.500 2.500 1.200 46.00 6.50 7.500 2.500 -1.200 46.00 6.50 6.500 2.500 -1.200 45.00 6.50 0.000 1.000 0.000
q 0 -3.500 0.500 1.200 35.00 8.50 -1.500 0.500 1.200 37.00 8.50 -1.500 0.500 -1.200 37.00 8.50 -3.500 0.500 -1.200 35.00 8.50 0.000 1.000 0.000
q 0 1.500 0.500 1.200 40.00 8.50 3.500 0.500 1.200 42.00 8.50 3.500 0.500 -1.200 42.00 8.50 1.500 0.500 -1.200 40.00 8.50 0.000 1.000 0.000
q 0 -7.500 -0.500 1.200 31.00 8.50 -7.500 -0.500 -1.200 31.00 8.50 -6.500 -0.500 -1.200 32.00 8.50 -6.500 -0.500 1.200 32.00 8.50 -0.000 -1.000 -0.000
q 0 6.500 -0.500 1.200 45.00 8.50 6.500 -0.500 -1.200 45.00 8.50 7.500 -0.500 -1.200 46.00 8.50 7.500 -0.500 1.200 46.00 8.50 -0.000 -1.000 -0.000
q 0 -7.500 -1.500 1.200 31.00 10.50 -6.500 -1.500 1.200 32.00 10.50 -6.500 -1.500 -1.200 32.00 10.50 -7.500 -1.500 -1.200 31.00 10.50 0.000 1.000 0.000
q 0 6.500 -1.500 1.200 45.00 10.50 7.500 -1.500 1.200 46.00 10.50 7.500 -1.500 -1.200 46.00 10.50 6.500 -1.500 -1.200 45.00 10.50 0.000 1.000 0.000
q 0 -3.500 -2.500 1.200 35.00 10.50 -3.500 -2.500 -1.200 35.00 10.50 -1.500 -2.500 -1.200 37.00 10.50 -1.500 -2.500 1.200 37.00 10.50 -0.000 -1.000 -0.000
q 0 1.500 -2.500 1.200 40.00 10.50 1.500 -2.500 -1.200 40.00 10.50 3.500 -2.500 -1.200 42.00 10.50 3.500 -2.500 1.200 42.00 10.50 -0.000 -1.000 -0.000
q 0 -7.500 -4.500 1.200 31.00 12.50 -7.500 -4.500 -1.200 31.00 12.50 -6.500 -4.500 -1.200 32.00 12.50 -6.500 -4.500 1.200 32.00 12.50 -0.000 -1.000 -0.000
q 0 -4.500 -4.500 1.200 34.00 12.50 -4.500 -4.500 -1.200 34.00 12.50 -3.500 -4.500 -1.200 35.00 12.50 -3.500 -4.500 1.200 35.00 12.50 -0.000 -1.000 -0.000
q 0 3.500 -4.500 1.200 42.00 12.50 3.500 -4.500 -1.200 42.00 12.50 4.500 -4.500 -1.200 43.00 12.50 4.500 -4.500 1.200 43.00 12.50 -0.000 -1.000 -0.000
q 0 6.500 -4.500 1.200 45.00 12.50 6.500 -4.500 -1.200 45.00 12.50 7.500 -4.500 -1.200 46.00 12.50 7.500 -4.500 1.200 46.00 12.50 -0.000 -1.000 -0.000
q 0 -3.500 -4.500 1.200 35.00 13.50 -1.500 -4.500 1.200 37.00 13.50 -1.500 -4.500 -1.200 37.00 13.50 -3.500 -4.500 -1.200 35.00 13.50 0.000 1.000 0.000
q 0 1.500 -4.500 1.200 40.00 13.50 3.500 -4.500 1.200 42.00 13.50 3.500 -4.500 -1.200 42.00 13.50 1.500 -4.500 -1.200 40.00 13.50 0.000 1.000 0.000
q 0 -6.500 -5.500 1.200 32.00 13.50 -6.500 -5.500 -1.200 32.00 13.50 -4.500 -5.500 -1.200 34.00 13.50 -4.500 -5.500 1.200 34.00 13.50 -0.000 -1.000 -0.000
q 0 4.500 -5.500 1.200 43.00 13.50 4.500 -5.500 -1.200 43.00 13.50 6.500 -5.500 -1.200 45.00 13.50 6.500 -5.500 1.200 45.00 13.50 -0.000 -1.000 -0.000
q 0 -4.500 -5.500 1.200 34.00 14.50 -3.500 -5.500 1.200 35.00 14.50 -3.500 -5.500 -1.200 35.00 14.50 -4.500 -5.500 -1.200 34.00 14.50 0.000 1.000 0.000
q 0 3.500 -5.500 1.200 42.00 14.50 4.500 -5.500 1.200 43.00 14.50 4.500 -5.500 -1.200 43.00 14.50 3.500 -5.500 -1.200 42.00 14.50 0.000 1.000 0.000
q 0 -4.500 -7.500 1.200 34.00 15.50 -4.500 -7.500 -1.200 34.00 15.50 -3.500 -7.500 -1.200 35.00 15.50 -3.500 -7.500 1.200 35.00 15.50 -0.000 -1.000 -0.000
q 0 -0.500 -7.500 1.200 38.00 15.50 -0.500 -7.500 -1.200 38.00 15.50 0.500 -7.500 -1.200 39.00 15.50 0.500 -7.500 1.200 39.00 15.50 -0.000 -1.000 -0.000
q 0 3.500 -7.500 1.200 42.00 15.50 3.500 -7.500 -1.200 42.00 15.50 4.500 -7.500 -1.200 43.00 15.50 4.500 -7.500 1.200 43.00 15.50 -0.000 -1.000 -0.000
q 0 -3.500 -8.500 1.200 35.00 16.50 -3.500 -8.500 -1.200 35.00 16.50 -0.500 -8.500 -1.200 38.00 16.50 -0.500 -8.500 1.200 38.00 16.50 -0.000 -1.000 -0.000
q 0 0.500 -8.500 1.200 39.00 16.50 0.500 -8.500 -1.200 39.00 16.50 3.500 -8.500 -1.200 42.00 16.50 3.500 -8.500 1.200 42.00 16.50 -0.000 -1.000 -0.000
q 0 -7.500 2.500 1.200 31.50 6.00 -7.500 2.500 -1.200 31.50 6.00 -7.500 -0.500 -1.200 31.50 9.00 -7.500 -0.500 1.200 31.50 9.00 -1.000 -0.000 -0.000
q 0 -7.500 -1.500 1.200 31.50 10.00 -7.500 -1.500 -1.200 31.50 10.00 -7.500 -4.500 -1.200 31.50 13.00 -7.500 -4.500 1.200 31.50 13.00 -1.000 -0.000 -0.000
q 0 -6.500 3.500 1.200 32.50 5.00 -6.500 3.500 -1.200 32.50 5.00 -6.500 2.500 -1.200 32.50 6.00 -6.500 2.500 1.200 32.50 6.00 -1.000 -0.000 -0.000
q 0 -6.500 -0.500 1.200 32.50 9.00 -6.500 -0.500 -1.200 32.50 9.00 -6.500 -1.500 -1.200 32.50 10.00 -6.500 -1.500 1.200 32.50 10.00 -1.000 -0.000 -0.000
q 0 -6.500 -4.500 1.200 32.50 13.00 -6.500 -4.500 -1.200 32.50 13.00 -6.500 -5.500 -1.200 32.50 14.00 -6.500 -5.500 1.200 32.50 14.00 -1.000 -0.000 -0.000
q 0 -4.500 3.500 1.200 33.50 5.00 -4.500 2.500 1.200 33.50 6.00 -4.500 2.500 -1.200 33.50 6.00 -4.500 3.500 -1.200 33.50 5.00 1.000 0.000 0.000
q 0 -4.500 -4.500 1.200 33.50 13.00 -4.500 -5.500 1.200 33.50 14.00 -4.500 -5.500 -1.200 33.50 14.00 -4.500 -4.500 -1.200 33.50 13.00 1.000 0.000 0.000
q 0 -4.500 5.500 1.200 34.50 3.00 -4.500 5.500 -1.200 34.50 3.00 -4.500 3.500 -1.200 34.50 5.00 -4.500 3.500 1.200 34.50 5.00 -1.000 -0.000 -0.000
q 0 -4.500 -5.500 1.200 34.50 14.00 -4.500 -5.500 -1.200 34.50 14.00 -4.500 -7.500 -1.200 34.50 16.00 -4.500 -7.500 1.200 34.50 16.00 -1.000 -0.000 -0.000
q 0 -3.500 2.500 1.200 34.50 6.00 -3.500 0.500 1.200 34.50 8.00 -3.500 0.500 -1.200 34.50 8.00 -3.500 2.500 -1.200 34.50 6.00 1.000 0.000 0.000
q 0 -3.500 -2.500 1.200 34.50 11.00 -3.500 -4.500 1.200 34.50 13.00 -3.500 -4.500 -1.200 34.50 13.00 -3.500 -2.500 -1.200 34.50 11.00 1.000 0.000 0.000
q 0 -3.500 6.500 1.200 35.50 2.00 -3.500 6.500 -1.200 35.50 2.00 -3.500 5.500 -1.200 35.50 3.00 -3.500 5.500 1.200 35.50 3.00 -1.000 -0.000 -0.000
q 0 -3.500 3.500 1.200 35.50 5.00 -3.500 3.500 -1.200 35.50 5.00 -3.500 2.500 -1.200 35.50 6.00 -3.500 2.500 1.200 35.50 6.00 -1.000 -0.000 -0.000
q 0 -3.500 -4.500 1.200 35.50 13.00 -3.500 -4.500 -1.200 35.50 13.00 -3.500 -5.500 -1.200 35.50 14.00 -3.500 -5.500 1.200 35.50 14.00 -1.000 -0.000 -0.000
q 0 -3.500 -7.500 1.200 35.50 16.00 -3.500 -7.500 -1.200 35.50 16.00 -3.500 -8.500 -1.200 35.50 17.00 -3.500 -8.500 1.200 35.50 17.00 -1.000 -0.000 -0.000
q 0 -1.500 2.500 1.200 37.50 6.00 -1.500 2.500 -1.200 37.50 6.00 -1.500 0.500 -1.200 37.50 8.00 -1.500 0.500 1.200 37.50 8.00 -1.000 -0.000 -0.000
q 0 -1.500 -2.500 1.200 37.50 11.00 -1.500 -2.500 -1.200 37.50 11.00 -1.500 -4.500 -1.200 37.50 13.00 -1.500 -4.500 1.200 37.50 13.00 -1.000 -0.000 -0.000
q 0 -0.500 6.500 1.200 37.50 2.00 -0.500 5.500 1.200 37.50 3.00 -0.500 5.500 -1.200 37.50 3.00 -0.500 6.500 -1.200 37.50 2.00 1.000 0.000 0.000
q 0 -0.500 -7.500 1.200 37.50 16.00 -0.500 -8.500 1.200 37.50 17.00 -0.500 -8.500 -1.200 37.50 17.00 -0.500 -7.500 -1.200 37.50 16.00 1.000 0.000 0.000
q 0 0.500 6.500 1.200 39.50 2.00 0.500 6.500 -1.200 39.50 2.00 0.500 5.500 -1.200 39.50 3.00 0.500 5.500 1.200 39.50 3.00 -1.000 -0.000 -0.000
q 0 0.500 -7.500 1.200 39.50 16.00 0.500 -7.500 -1.200 39.50 16.00 0.500 -8.500 -1.200 39.50 17.00 0.500 -8.500 1.200 39.50 17.00 -1.000 -0.000 -0.000
q 0 1.500 2.500 1.200 39.50 6.00 1.500 0.500 1.200 39.50 8.00 1.500 0.500 -1.200 39.50 8.00 1.500 2.500 -1.200 39.50 6.00 1.000 0.000 0.000
q 0 1.500 -2.500 1.200 39.50 11.00 1.500 -4.500 1.200 39.50 13.00 1.500 -4.500 -1.200 39.50 13.00 1.500 -2.500 -1.200 39.50 11.00 1.000 0.000 0.000
q 0 3.500 6.500 1.200 41.50 2.00 3.500 5.500 1.200 41.50 3.00 3.500 5.500 -1.200 41.50 3.00 3.500 6.500 -1.200 41.50 2.00 1.000 0.000 0.000
q 0 3.500 3.500 1.200 41.50 5.00 3.500 2.500 1.200 41.50 6.00 3.500 2.500 -1.200 41.50 6.00 3.500 3.500 -1.200 41.50 5.00 1.000 0.000 0.000
q 0 3.500 -4.500 1.200 41.50 13.00 3.500 -5.500 1.200 41.50 14.00 3.500 -5.500 -1.200 41.50 14.00 3.500 -4.500 -1.200 41.50 13.00 1.000 0.000 0.000
q 0 3.500 -7.500 1.200 41.50 16.00 3.500 -8.500 1.200 41.50 17.00 3.500 -8.500 -1.200 41.50 17.00 3.500 -7.500 -1.200 41.50 16.00 1.000 0.000 0.000
q 0 3.500 2.500 1.200 42.50 6.00 3.500 2.500 -1.200 42.50 6.00 3.500 0.500 -1.200 42.50 8.00 3.500 0.500 1.200 42.50 8.00 -1.000 -0.000 -0.000
q 0 3.500 -2.500 1.200 42.50 11.00 3.500 -2.500 -1.200 42.50 11.00 3.500 -4.500 -1.200 42.50 13.00 3.500 -4.500 1.200 42.50 13.00 -1.000 -0.000 -0.000
q 0 4.500 5.500 1.200 42.50 3.00 4.500 3.500 1.200 42.50 5.00 4.500 3.500 -1.200 42.50 5.00 4.500 5.500 -1.200 42.50 3.00 1.000 0.000 0.000
q 0 4.500 -5.500 1.200 42.50 14.00 4.500 -7.500 1.200 42.50 16.00 4.500 -7.500 -1.200 42.50 16.00 4.500 -5.500 -1.200 42.50 14.00 1.000 0.000 0.000
q 0 4.500 3.500 1.200 43.50 5.00 4.500 3.500 -1.200 43.50 5.00 4.500 2.500 -1.200 43.50 6.00 4.500 2.500 1.200 43.50 6.00 -1.000 -0.000 -0.000
q 0 4.500 -4.500 1.200 43.50 13.00 4.500 -4.500 -1.200 43.50 13.00 4.500 -5.500 -1.200 43.50 14.00 4.500 -5.500 1.200 43.50 14.00 -1.000 -0.000 -0.000
q 0 6.500 3.500 1.200 44.50 5.00 6.500 2.500 1.200 44.50 6.00 6.500 2.500 -1.200 44.50 6.00 6.500 3.500 -1.200 44.50 5.00 1.000 0.000 0.000
q 0 6.500 -0.500 1.200 44.50 9.00 6.500 -1.500 1.200 44.50 10.00 6.500 -1.500 -1.200 44.50 10.00 6.500 -0.500 -1.200 44.50 9.00 1.000 0.000 0.000
q 0 6.500 -4.500 1.200 44.50 13.00 6.500 -5.500 1.200 44.50 14.00 6.500 -5.500 -1.200 44.50 14.00 6.500 -4.500 -1.200 44.50 13.00 1.000 0.000 0.000
q 0 7.500 2.500 1.200 45.50 6.00 7.500 -0.500 1.200 45.50 9.00 7.500 -0.500 -1.200 45.50 9.00 7.500 2.500 -1.200 45.50 6.00 1.000 0.000 0.000
q 0 7.500 -1.500 1.200 45.50 10.00 7.500 -4.500 1.200 45.50 13.00 7.500 -4.500 -1.200 45.50 13.00 7.500 -1.500 -1.200 45.50 10.00 1.000 0.000 0.000
q 0 -1.400 -9.300 1.300 72.00 3.00 1.400 -9.300 1.300 75.00 3.00 1.400 -9.300 -1.300 75.00 0.00 -1.400 -9.300 -1.300 72.00 0.00 0.000 1.000 0.000
q 0 -1.400 -15.000 -1.300 75.00 0.00 1.400 -15.000 -1.300 78.00 0.00 1.400 -15.000 1.300 78.00 3.00 -1.400 -15.000 1.300 75.00 3.00 0.000 -1.000 0.000
q 0 -1.400 -15.000 -1.300 69.00 9.00 -1.400 -15.000 1.300 72.00 9.00 -1.400 -9.300 1.300 72.00 3.00 -1.400 -9.300 -1.300 69.00 3.00 -1.000 0.000 0.000
q 0 1.400 -15.000 -1.300 72.00 9.00 -1.400 -15.000 -1.300 75.00 9.00 -1.400 -9.300 -1.300 75.00 3.00 1.400 -9.300 -1.300 72.00 3.00 0.000 0.000 -1.000
q 0 1.400 -15.000 1.300 75.00 9.00 1.400 -15.000 -1.300 78.00 9.00 1.400 -9.300 -1.300 78.00 3.00 1.400 -9.300 1.300 75.00 3.00 1.000 -0.000 0.000
q 0 -1.400 -15.000 1.300 78.00 9.00 1.400 -15.000 1.300 81.00 9.00 1.400 -9.300 1.300 81.00 3.00 -1.400 -9.300 1.300 78.00 3.00 0.000 -0.000 1.000
q 0 -2.200 -15.000 2.200 87.00 5.00 2.200 -15.000 2.200 92.00 5.00 2.200 -15.000 -2.200 92.00 0.00 -2.200 -15.000 -2.200 87.00 0.00 0.000 1.000 0.000
q 0 -2.200 -18.000 -2.200 92.00 0.00 2.200 -18.000 -2.200 97.00 0.00 2.200 -18.000 2.200 97.00 5.00 -2.200 -18.000 2.200 92.00 5.00 0.000 -1.000 0.000
q 0 -2.200 -18.000 -2.200 82.00 8.00 -2.200 -18.000 2.200 87.00 8.00 -2.200 -15.000 2.200 87.00 5.00 -2.200 -15.000 -2.200 82.00 5.00 -1.000 0.000 0.000
q 0 2.200 -18.000 -2.200 87.00 8.00 -2.200 -18.000 -2.200 92.00 8.00 -2.200 -15.000 -2.200 92.00 5.00 2.200 -15.000 -2.200 87.00 5.00 0.000 0.000 -1.000
q 0 2.200 -18.000 2.200 92.00 8.00 2.200 -18.000 -2.200 97.00 8.00 2.200 -15.000 -2.200 97.00 5.00 2.200 -15.000 2.200 92.00 5.00 1.000 -0.000 0.000
q 0 -2.200 -18.000 2.200 97.00 8.00 2.200 -18.000 2.200 102.00 8.00 2.200 -15.000 2.200 102.00 5.00 -2.200 -15.000 2.200 97.00 5.00 0.000 -0.000 1.000
