# generated by tools/gen_weapon_models.py (demon_dweller_sword)
place 0.10938 0.10938 45.000 0.016653 -19.000
q 0 -4.200 0.000 0.700 1.80 50.00 0.000 0.000 0.700 6.00 50.00 0.000 11.000 0.700 6.00 39.00 -4.050 11.000 0.700 1.95 39.00 0.000 -0.000 1.000
q 0 0.000 0.000 0.700 6.00 50.00 4.200 0.000 0.700 10.20 50.00 4.050 11.000 0.700 10.05 39.00 0.000 11.000 0.700 6.00 39.00 0.000 -0.000 1.000
q 0 -4.200 0.000 -0.700 23.20 50.00 -4.050 11.000 -0.700 23.05 39.00 0.000 11.000 -0.700 19.00 39.00 0.000 0.000 -0.700 19.00 50.00 -0.000 0.000 -1.000
q 0 0.000 0.000 -0.700 19.00 50.00 0.000 11.000 -0.700 19.00 39.00 4.050 11.000 -0.700 14.95 39.00 4.200 0.000 -0.700 14.80 50.00 -0.000 0.000 -1.000
q 0 -4.200 0.000 0.700 28.00 50.00 -4.050 11.000 0.700 28.00 39.00 -4.050 11.000 -0.700 26.00 39.00 -4.200 0.000 -0.700 26.00 50.00 -1.000 0.014 -0.000
q 0 4.200 0.000 0.700 28.00 50.00 4.200 0.000 -0.700 26.00 50.00 4.050 11.000 -0.700 26.00 39.00 4.050 11.000 0.700 28.00 39.00 1.000 0.014 0.000
q 0 -4.050 11.000 0.700 1.95 39.00 0.000 11.000 0.700 6.00 39.00 0.000 22.000 0.700 6.00 28.00 -3.900 22.000 0.700 2.10 28.00 0.000 -0.000 1.000
q 0 0.000 11.000 0.700 6.00 39.00 4.050 11.000 0.700 10.05 39.00 3.900 22.000 0.700 9.90 28.00 0.000 22.000 0.700 6.00 28.00 0.000 -0.000 1.000
q 0 -4.050 11.000 -0.700 23.05 39.00 -3.900 22.000 -0.700 22.90 28.00 0.000 22.000 -0.700 19.00 28.00 0.000 11.000 -0.700 19.00 39.00 -0.000 0.000 -1.000
q 0 0.000 11.000 -0.700 19.00 39.00 0.000 22.000 -0.700 19.00 28.00 3.900 22.000 -0.700 15.10 28.00 4.050 11.000 -0.700 14.95 39.00 -0.000 0.000 -1.000
q 0 -4.050 11.000 0.700 28.00 39.00 -3.900 22.000 0.700 28.00 28.00 -3.900 22.000 -0.700 26.00 28.00 -4.050 11.000 -0.700 26.00 39.00 -1.000 0.014 -0.000
q 0 4.050 11.000 0.700 28.00 39.00 4.050 11.000 -0.700 26.00 39.00 3.900 22.000 -0.700 26.00 28.00 3.900 22.000 0.700 28.00 28.00 1.000 0.014 0.000
q 0 -3.900 22.000 0.700 2.10 28.00 0.000 22.000 0.700 6.00 28.00 0.000 33.000 0.700 6.00 17.00 -3.750 33.000 0.700 2.25 17.00 0.000 -0.000 1.000
q 0 0.000 22.000 0.700 6.00 28.00 3.900 22.000 0.700 9.90 28.00 3.750 33.000 0.700 9.75 17.00 0.000 33.000 0.700 6.00 17.00 0.000 -0.000 1.000
q 0 -3.900 22.000 -0.700 22.90 28.00 -3.750 33.000 -0.700 22.75 17.00 0.000 33.000 -0.700 19.00 17.00 0.000 22.000 -0.700 19.00 28.00 -0.000 0.000 -1.000
q 0 0.000 22.000 -0.700 19.00 28.00 0.000 33.000 -0.700 19.00 17.00 3.750 33.000 -0.700 15.25 17.00 3.900 22.000 -0.700 15.10 28.00 -0.000 0.000 -1.000
q 0 -3.900 22.000 0.700 28.00 28.00 -3.750 33.000 0.700 28.00 17.00 -3.750 33.000 -0.700 26.00 17.00 -3.900 22.000 -0.700 26.00 28.00 -1.000 0.014 -0.000
q 0 3.900 22.000 0.700 28.00 28.00 3.900 22.000 -0.700 26.00 28.00 3.750 33.000 -0.700 26.00 17.00 3.750 33.000 0.700 28.00 17.00 1.000 0.014 0.000
q 0 -3.750 33.000 0.700 2.25 17.00 0.000 33.000 0.700 6.00 17.00 0.000 44.000 0.700 6.00 6.00 -3.600 44.000 0.700 2.40 6.00 0.000 -0.000 1.000
q 0 0.000 33.000 0.700 6.00 17.00 3.750 33.000 0.700 9.75 17.00 3.600 44.000 0.700 9.60 6.00 0.000 44.000 0.700 6.00 6.00 0.000 -0.000 1.000
q 0 -3.750 33.000 -0.700 22.75 17.00 -3.600 44.000 -0.700 22.60 6.00 0.000 44.000 -0.700 19.00 6.00 0.000 33.000 -0.700 19.00 17.00 -0.000 0.000 -1.000
q 0 0.000 33.000 -0.700 19.00 17.00 0.000 44.000 -0.700 19.00 6.00 3.600 44.000 -0.700 15.40 6.00 3.750 33.000 -0.700 15.25 17.00 -0.000 0.000 -1.000
q 0 -3.750 33.000 0.700 28.00 17.00 -3.600 44.000 0.700 28.00 6.00 -3.600 44.000 -0.700 26.00 6.00 -3.750 33.000 -0.700 26.00 17.00 -1.000 0.014 -0.000
q 0 3.750 33.000 0.700 28.00 17.00 3.750 33.000 -0.700 26.00 17.00 3.600 44.000 -0.700 26.00 6.00 3.600 44.000 0.700 28.00 6.00 1.000 0.014 0.000
q 0 -3.600 44.000 0.700 2.40 6.00 0.000 44.000 0.700 6.00 6.00 0.000 50.000 0.700 6.00 0.00 0.000 50.000 0.700 6.00 0.00 0.000 0.000 1.000
q 0 0.000 44.000 0.700 6.00 6.00 3.600 44.000 0.700 9.60 6.00 0.000 50.000 0.700 6.00 0.00 0.000 50.000 0.700 6.00 0.00 0.000 -0.000 1.000
q 0 -3.600 44.000 -0.700 22.60 6.00 0.000 50.000 -0.700 19.00 0.00 0.000 50.000 -0.700 19.00 0.00 0.000 44.000 -0.700 19.00 6.00 -0.000 -0.000 -1.000
q 0 0.000 44.000 -0.700 19.00 6.00 0.000 50.000 -0.700 19.00 0.00 0.000 50.000 -0.700 19.00 0.00 3.600 44.000 -0.700 15.40 6.00 -0.000 0.000 -1.000
q 0 -3.600 44.000 0.700 28.00 6.00 0.000 50.000 0.700 28.00 0.00 0.000 50.000 -0.700 26.00 0.00 -3.600 44.000 -0.700 26.00 6.00 -0.857 0.514 -0.000
q 0 3.600 44.000 0.700 28.00 6.00 3.600 44.000 -0.700 26.00 6.00 0.000 50.000 -0.700 26.00 0.00 0.000 50.000 0.700 28.00 0.00 0.857 0.514 0.000
q 0 -4.200 0.000 0.700 26.00 50.00 -4.200 0.000 -0.700 26.00 50.50 0.000 0.000 -0.700 27.00 50.50 0.000 0.000 0.700 27.00 50.00 -0.000 -1.000 -0.000
q 0 0.000 0.000 0.700 27.00 50.00 0.000 0.000 -0.700 27.00 50.50 4.200 0.000 -0.700 28.00 50.50 4.200 0.000 0.700 28.00 50.00 -0.000 -1.000 -0.000
q 1 -1.800 7.400 0.730 0.00 0.00 1.800 7.400 0.730 0.00 0.00 1.800 8.600 0.730 0.00 0.00 -1.800 8.600 0.730 0.00 0.00 0.000 -0.000 1.000
q 1 -1.800 7.400 -0.730 0.00 0.00 -1.800 8.600 -0.730 0.00 0.00 1.800 8.600 -0.730 0.00 0.00 1.800 7.400 -0.730 0.00 0.00 -0.000 0.000 -1.000
q 1 -1.800 15.400 0.730 0.00 0.00 1.800 15.400 0.730 0.00 0.00 1.800 16.600 0.730 0.00 0.00 -1.800 16.600 0.730 0.00 0.00 0.000 -0.000 1.000
q 1 -1.800 15.400 -0.730 0.00 0.00 -1.800 16.600 -0.730 0.00 0.00 1.800 16.600 -0.730 0.00 0.00 1.800 15.400 -0.730 0.00 0.00 -0.000 0.000 -1.000
q 1 -1.800 23.400 0.730 0.00 0.00 1.800 23.400 0.730 0.00 0.00 1.800 24.600 0.730 0.00 0.00 -1.800 24.600 0.730 0.00 0.00 0.000 -0.000 1.000
q 1 -1.800 23.400 -0.730 0.00 0.00 -1.800 24.600 -0.730 0.00 0.00 1.800 24.600 -0.730 0.00 0.00 1.800 23.400 -0.730 0.00 0.00 -0.000 0.000 -1.000
q 1 -1.800 31.400 0.730 0.00 0.00 1.800 31.400 0.730 0.00 0.00 1.800 32.600 0.730 0.00 0.00 -1.800 32.600 0.730 0.00 0.00 0.000 -0.000 1.000
q 1 -1.800 31.400 -0.730 0.00 0.00 -1.800 32.600 -0.730 0.00 0.00 1.800 32.600 -0.730 0.00 0.00 1.800 31.400 -0.730 0.00 0.00 -0.000 0.000 -1.000
q 1 -1.800 39.400 0.730 0.00 0.00 1.800 39.400 0.730 0.00 0.00 1.800 40.600 0.730 0.00 0.00 -1.800 40.600 0.730 0.00 0.00 0.000 -0.000 1.000
q 1 -1.800 39.400 -0.730 0.00 0.00 -1.800 40.600 -0.730 0.00 0.00 1.800 40.600 -0.730 0.00 0.00 1.800 39.400 -0.730 0.00 0.00 -0.000 0.000 -1.000
q 1 -0.600 6.200 0.730 0.00 0.00 0.600 6.200 0.730 0.00 0.00 0.600 7.400 0.730 0.00 0.00 -0.600 7.400 0.730 0.00 0.00 0.000 -0.000 1.000
q 1 -0.600 6.200 -0.730 0.00 0.00 -0.600 7.400 -0.730 0.00 0.00 0.600 7.400 -0.730 0.00 0.00 0.600 6.200 -0.730 0.00 0.00 -0.000 0.000 -1.000
q 1 -0.600 14.200 0.730 0.00 0.00 0.600 14.200 0.730 0.00 0.00 0.600 15.400 0.730 0.00 0.00 -0.600 15.400 0.730 0.00 0.00 0.000 -0.000 1.000
q 1 -0.600 14.200 -0.730 0.00 0.00 -0.600 15.400 -0.730 0.00 0.00 0.600 15.400 -0.730 0.00 0.00 0.600 14.200 -0.730 0.00 0.00 -0.000 0.000 -1.000
q 1 -0.600 22.200 0.730 0.00 0.00 0.600 22.200 0.730 0.00 0.00 0.600 23.400 0.730 0.00 0.00 -0.600 23.400 0.730 0.00 0.00 0.000 -0.000 1.000
q 1 -0.600 22.200 -0.730 0.00 0.00 -0.600 23.400 -0.730 0.00 0.00 0.600 23.400 -0.730 0.00 0.00 0.600 22.200 -0.730 0.00 0.00 -0.000 0.000 -1.000
q 1 -0.600 30.200 0.730 0.00 0.00 0.600 30.200 0.730 0.00 0.00 0.600 31.400 0.730 0.00 0.00 -0.600 31.400 0.730 0.00 0.00 0.000 -0.000 1.000
q 1 -0.600 30.200 -0.730 0.00 0.00 -0.600 31.400 -0.730 0.00 0.00 0.600 31.400 -0.730 0.00 0.00 0.600 30.200 -0.730 0.00 0.00 -0.000 0.000 -1.000
q 1 -0.600 38.200 0.730 0.00 0.00 0.600 38.200 0.730 0.00 0.00 0.600 39.400 0.730 0.00 0.00 -0.600 39.400 0.730 0.00 0.00 0.000 -0.000 1.000
q 1 -0.600 38.200 -0.730 0.00 0.00 -0.600 39.400 -0.730 0.00 0.00 0.600 39.400 -0.730 0.00 0.00 0.600 38.200 -0.730 0.00 0.00 -0.000 0.000 -1.000
q 1 -0.600 8.600 0.730 0.00 0.00 0.600 8.600 0.730 0.00 0.00 0.600 9.800 0.730 0.00 0.00 -0.600 9.800 0.730 0.00 0.00 0.000 -0.000 1.000
q 1 -0.600 8.600 -0.730 0.00 0.00 -0.600 9.800 -0.730 0.00 0.00 0.600 9.800 -0.730 0.00 0.00 0.600 8.600 -0.730 0.00 0.00 -0.000 0.000 -1.000
q 1 -0.600 16.600 0.730 0.00 0.00 0.600 16.600 0.730 0.00 0.00 0.600 17.800 0.730 0.00 0.00 -0.600 17.800 0.730 0.00 0.00 0.000 -0.000 1.000
q 1 -0.600 16.600 -0.730 0.00 0.00 -0.600 17.800 -0.730 0.00 0.00 0.600 17.800 -0.730 0.00 0.00 0.600 16.600 -0.730 0.00 0.00 -0.000 0.000 -1.000
q 1 -0.600 24.600 0.730 0.00 0.00 0.600 24.600 0.730 0.00 0.00 0.600 25.800 0.730 0.00 0.00 -0.600 25.800 0.730 0.00 0.00 0.000 -0.000 1.000
q 1 -0.600 24.600 -0.730 0.00 0.00 -0.600 25.800 -0.730 0.00 0.00 0.600 25.800 -0.730 0.00 0.00 0.600 24.600 -0.730 0.00 0.00 -0.000 0.000 -1.000
q 1 -0.600 32.600 0.730 0.00 0.00 0.600 32.600 0.730 0.00 0.00 0.600 33.800 0.730 0.00 0.00 -0.600 33.800 0.730 0.00 0.00 0.000 -0.000 1.000
q 1 -0.600 32.600 -0.730 0.00 0.00 -0.600 33.800 -0.730 0.00 0.00 0.600 33.800 -0.730 0.00 0.00 0.600 32.600 -0.730 0.00 0.00 -0.000 0.000 -1.000
q 1 -0.600 40.600 0.730 0.00 0.00 0.600 40.600 0.730 0.00 0.00 0.600 41.800 0.730 0.00 0.00 -0.600 41.800 0.730 0.00 0.00 0.000 -0.000 1.000
q 1 -0.600 40.600 -0.730 0.00 0.00 -0.600 41.800 -0.730 0.00 0.00 0.600 41.800 -0.730 0.00 0.00 0.600 40.600 -0.730 0.00 0.00 -0.000 0.000 -1.000
q 0 -8.000 0.400 1.600 33.00 4.00 8.000 0.400 1.600 49.00 4.00 8.000 0.400 -1.600 49.00 0.00 -8.000 0.400 -1.600 33.00 0.00 0.000 1.000 0.000
q 0 -8.000 -2.000 -1.600 49.00 0.00 8.000 -2.000 -1.600 65.00 0.00 8.000 -2.000 1.600 65.00 4.00 -8.000 -2.000 1.600 49.00 4.00 0.000 -1.000 0.000
q 0 -8.000 -2.000 -1.600 29.00 7.00 -8.000 -2.000 1.600 33.00 7.00 -8.000 0.400 1.600 33.00 4.00 -8.000 0.400 -1.600 29.00 4.00 -1.000 0.000 0.000
q 0 8.000 -2.000 -1.600 33.00 7.00 -8.000 -2.000 -1.600 49.00 7.00 -8.000 0.400 -1.600 49.00 4.00 8.000 0.400 -1.600 33.00 4.00 0.000 0.000 -1.000
q 0 8.000 -2.000 1.600 49.00 7.00 8.000 -2.000 -1.600 53.00 7.00 8.000 0.400 -1.600 53.00 4.00 8.000 0.400 1.600 49.00 4.00 1.000 -0.000 0.000
q 0 -8.000 -2.000 1.600 53.00 7.00 8.000 -2.000 1.600 69.00 7.00 8.000 0.400 1.600 69.00 4.00 -8.000 0.400 1.600 53.00 4.00 0.000 -0.000 1.000
q 0 -9.200 1.000 1.900 74.00 4.00 -7.600 1.000 1.900 76.00 4.00 -7.600 1.000 -1.900 76.00 0.00 -9.200 1.000 -1.900 74.00 0.00 0.000 1.000 0.000
q 0 -9.200 -2.600 -1.900 76.00 0.00 -7.600 -2.600 -1.900 78.00 0.00 -7.600 -2.600 1.900 78.00 4.00 -9.200 -2.600 1.900 76.00 4.00 0.000 -1.000 0.000
q 0 -9.200 -2.600 -1.900 70.00 8.00 -9.200 -2.600 1.900 74.00 8.00 -9.200 1.000 1.900 74.00 4.00 -9.200 1.000 -1.900 70.00 4.00 -1.000 0.000 0.000
q 0 -7.600 -2.600 -1.900 74.00 8.00 -9.200 -2.600 -1.900 76.00 8.00 -9.200 1.000 -1.900 76.00 4.00 -7.600 1.000 -1.900 74.00 4.00 0.000 0.000 -1.000
q 0 -7.600 -2.600 1.900 76.00 8.00 -7.600 -2.600 -1.900 80.00 8.00 -7.600 1.000 -1.900 80.00 4.00 -7.600 1.000 1.900 76.00 4.00 1.000 -0.000 0.000
q 0 -9.200 -2.600 1.900 80.00 8.00 -7.600 -2.600 1.900 82.00 8.00 -7.600 1.000 1.900 82.00 4.00 -9.200 1.000 1.900 80.00 4.00 0.000 -0.000 1.000
q 0 7.600 1.000 1.900 87.00 4.00 9.200 1.000 1.900 89.00 4.00 9.200 1.000 -1.900 89.00 0.00 7.600 1.000 -1.900 87.00 0.00 0.000 1.000 0.000
q 0 7.600 -2.600 -1.900 89.00 0.00 9.200 -2.600 -1.900 91.00 0.00 9.200 -2.600 1.900 91.00 4.00 7.600 -2.600 1.900 89.00 4.00 0.000 -1.000 0.000
q 0 7.600 -2.600 -1.900 83.00 8.00 7.600 -2.600 1.900 87.00 8.00 7.600 1.000 1.900 87.00 4.00 7.600 1.000 -1.900 83.00 4.00 -1.000 0.000 0.000
q 0 9.200 -2.600 -1.900 87.00 8.00 7.600 -2.600 -1.900 89.00 8.00 7.600 1.000 -1.900 89.00 4.00 9.200 1.000 -1.900 87.00 4.00 0.000 0.000 -1.000
q 0 9.200 -2.600 1.900 89.00 8.00 9.200 -2.600 -1.900 93.00 8.00 9.200 1.000 -1.900 93.00 4.00 9.200 1.000 1.900 89.00 4.00 1.000 -0.000 0.000
q 0 7.600 -2.600 1.900 93.00 8.00 9.200 -2.600 1.900 95.00 8.00 9.200 1.000 1.900 95.00 4.00 7.600 1.000 1.900 93.00 4.00 0.000 -0.000 1.000
q 0 -1.300 -2.000 1.300 99.00 3.00 1.300 -2.000 1.300 102.00 3.00 1.300 -2.000 -1.300 102.00 0.00 -1.300 -2.000 -1.300 99.00 0.00 0.000 1.000 0.000
q 0 -1.300 -16.000 -1.300 102.00 0.00 1.300 -16.000 -1.300 105.00 0.00 1.300 -16.000 1.300 105.00 3.00 -1.300 -16.000 1.300 102.00 3.00 0.000 -1.000 0.000
q 0 -1.300 -16.000 -1.300 96.00 17.00 -1.300 -16.000 1.300 99.00 17.00 -1.300 -2.000 1.300 99.00 3.00 -1.300 -2.000 -1.300 96.00 3.00 -1.000 0.000 0.000
q 0 1.300 -16.000 -1.300 99.00 17.00 -1.300 -16.000 -1.300 102.00 17.00 -1.300 -2.000 -1.300 102.00 3.00 1.300 -2.000 -1.300 99.00 3.00 0.000 0.000 -1.000
q 0 1.300 -16.000 1.300 102.00 17.00 1.300 -16.000 -1.300 105.00 17.00 1.300 -2.000 -1.300 105.00 3.00 1.300 -2.000 1.300 102.00 3.00 1.000 -0.000 0.000
q 0 -1.300 -16.000 1.300 105.00 17.00 1.300 -16.000 1.300 108.00 17.00 1.300 -2.000 1.300 108.00 3.00 -1.300 -2.000 1.300 105.00 3.00 0.000 -0.000 1.000
q 0 -2.100 -16.000 2.100 5.00 56.00 2.100 -16.000 2.100 10.00 56.00 2.100 -16.000 -2.100 10.00 51.00 -2.100 -16.000 -2.100 5.00 51.00 0.000 1.000 0.000
q 0 -2.100 -19.000 -2.100 10.00 51.00 2.100 -19.000 -2.100 15.00 51.00 2.100 -19.000 2.100 15.00 56.00 -2.100 -19.000 2.100 10.00 56.00 0.000 -1.000 0.000
q 0 -2.100 -19.000 -2.100 0.00 59.00 -2.100 -19.000 2.100 5.00 59.00 -2.100 -16.000 2.100 5.00 56.00 -2.100 -16.000 -2.100 0.00 56.00 -1.000 0.000 0.000
q 0 2.100 -19.000 -2.100 5.00 59.00 -2.100 -19.000 -2.100 10.00 59.00 -2.100 -16.000 -2.100 10.00 56.00 2.100 -16.000 -2.100 5.00 56.00 0.000 0.000 -1.000
q 0 2.100 -19.000 2.100 10.00 59.00 2.100 -19.000 -2.100 15.00 59.00 2.100 -16.000 -2.100 15.00 56.00 2.100 -16.000 2.100 10.00 56.00 1.000 -0.000 0.000
q 0 -2.100 -19.000 2.100 15.00 59.00 2.100 -19.000 2.100 20.00 59.00 2.100 -16.000 2.100 20.00 56.00 -2.100 -16.000 2.100 15.00 56.00 0.000 -0.000 1.000
