# generated by tools/gen_weapon_models.py (demon_slasher_katana)
place 0.11699 0.10224 46.858 0.018369 -16.600
glow FF3C50 0.12 0.55 1.0
q 0 2.800 0.000 0.200 4.20 46.00 2.772 4.600 0.200 4.23 41.40 1.786 4.600 0.800 5.21 41.40 1.792 0.000 0.800 5.21 46.00 0.516 0.002 0.857
q 0 1.792 0.000 0.800 5.21 46.00 1.786 4.600 0.800 5.21 41.40 -2.708 4.600 0.200 9.71 41.40 -2.800 0.000 0.200 9.80 46.00 -0.131 0.001 0.991
q 2 1.792 0.000 0.800 5.21 46.00 1.786 4.600 0.800 5.21 41.40 -2.708 4.600 0.200 9.71 41.40 -2.800 0.000 0.200 9.80 46.00 -0.131 0.001 0.991
q 0 2.800 0.000 -0.200 18.80 46.00 1.792 0.000 -0.800 17.79 46.00 1.786 4.600 -0.800 17.79 41.40 2.772 4.600 -0.200 18.77 41.40 0.516 0.002 -0.857
q 0 1.792 0.000 -0.800 17.79 46.00 -2.800 0.000 -0.200 13.20 46.00 -2.708 4.600 -0.200 13.29 41.40 1.786 4.600 -0.800 17.79 41.40 -0.131 0.001 -0.991
q 2 1.792 0.000 -0.800 17.79 46.00 -2.800 0.000 -0.200 13.20 46.00 -2.708 4.600 -0.200 13.29 41.40 1.786 4.600 -0.800 17.79 41.40 -0.131 0.001 -0.991
q 0 2.800 0.000 0.200 26.00 46.00 2.800 0.000 -0.200 24.00 46.00 2.772 4.600 -0.200 24.00 41.40 2.772 4.600 0.200 26.00 41.40 1.000 0.006 -0.000
q 2 2.800 0.000 0.200 26.00 46.00 2.800 0.000 -0.200 24.00 46.00 2.772 4.600 -0.200 24.00 41.40 2.772 4.600 0.200 26.00 41.40 1.000 0.006 -0.000
q 0 -2.800 0.000 0.200 26.00 46.00 -2.708 4.600 0.200 26.00 41.40 -2.708 4.600 -0.200 24.00 41.40 -2.800 0.000 -0.200 24.00 46.00 -1.000 0.020 0.000
q 2 -2.800 0.000 0.200 26.00 46.00 -2.708 4.600 0.200 26.00 41.40 -2.708 4.600 -0.200 24.00 41.40 -2.800 0.000 -0.200 24.00 46.00 -1.000 0.020 0.000
q 0 2.772 4.600 0.200 4.23 41.40 2.808 9.200 0.200 4.19 36.80 1.843 9.200 0.800 5.16 36.80 1.786 4.600 0.800 5.21 41.40 0.524 -0.005 0.852
q 0 1.786 4.600 0.800 5.21 41.40 1.843 9.200 0.800 5.16 36.80 -2.552 9.200 0.200 9.55 36.80 -2.708 4.600 0.200 9.71 41.40 -0.134 0.003 0.991
q 2 1.786 4.600 0.800 5.21 41.40 1.843 9.200 0.800 5.16 36.80 -2.552 9.200 0.200 9.55 36.80 -2.708 4.600 0.200 9.71 41.40 -0.134 0.003 0.991
q 0 2.772 4.600 -0.200 18.77 41.40 1.786 4.600 -0.800 17.79 41.40 1.843 9.200 -0.800 17.84 36.80 2.808 9.200 -0.200 18.81 36.80 0.524 -0.005 -0.852
q 0 1.786 4.600 -0.800 17.79 41.40 -2.708 4.600 -0.200 13.29 41.40 -2.552 9.200 -0.200 13.45 36.80 1.843 9.200 -0.800 17.84 36.80 -0.134 0.003 -0.991
q 2 1.786 4.600 -0.800 17.79 41.40 -2.708 4.600 -0.200 13.29 41.40 -2.552 9.200 -0.200 13.45 36.80 1.843 9.200 -0.800 17.84 36.80 -0.134 0.003 -0.991
q 0 2.772 4.600 0.200 26.00 41.40 2.772 4.600 -0.200 24.00 41.40 2.808 9.200 -0.200 24.00 36.80 2.808 9.200 0.200 26.00 36.80 1.000 -0.008 -0.000
q 2 2.772 4.600 0.200 26.00 41.40 2.772 4.600 -0.200 24.00 41.40 2.808 9.200 -0.200 24.00 36.80 2.808 9.200 0.200 26.00 36.80 1.000 -0.008 -0.000
q 0 -2.708 4.600 0.200 26.00 41.40 -2.552 9.200 0.200 26.00 36.80 -2.552 9.200 -0.200 24.00 36.80 -2.708 4.600 -0.200 24.00 41.40 -0.999 0.034 0.000
q 2 -2.708 4.600 0.200 26.00 41.40 -2.552 9.200 0.200 26.00 36.80 -2.552 9.200 -0.200 24.00 36.80 -2.708 4.600 -0.200 24.00 41.40 -0.999 0.034 0.000
q 0 2.808 9.200 0.200 4.19 36.80 2.908 13.800 0.200 4.09 32.20 1.965 13.800 0.800 5.04 32.20 1.843 9.200 0.800 5.16 36.80 0.532 -0.013 0.846
q 0 1.843 9.200 0.800 5.16 36.80 1.965 13.800 0.800 5.04 32.20 -2.332 13.800 0.200 9.33 32.20 -2.552 9.200 0.200 9.55 36.80 -0.137 0.005 0.991
q 2 1.843 9.200 0.800 5.16 36.80 1.965 13.800 0.800 5.04 32.20 -2.332 13.800 0.200 9.33 32.20 -2.552 9.200 0.200 9.55 36.80 -0.137 0.005 0.991
q 0 2.808 9.200 -0.200 18.81 36.80 1.843 9.200 -0.800 17.84 36.80 1.965 13.800 -0.800 17.96 32.20 2.908 13.800 -0.200 18.91 32.20 0.532 -0.013 -0.846
q 0 1.843 9.200 -0.800 17.84 36.80 -2.552 9.200 -0.200 13.45 36.80 -2.332 13.800 -0.200 13.67 32.20 1.965 13.800 -0.800 17.96 32.20 -0.137 0.005 -0.991
q 2 1.843 9.200 -0.800 17.84 36.80 -2.552 9.200 -0.200 13.45 36.80 -2.332 13.800 -0.200 13.67 32.20 1.965 13.800 -0.800 17.96 32.20 -0.137 0.005 -0.991
q 0 2.808 9.200 0.200 26.00 36.80 2.808 9.200 -0.200 24.00 36.80 2.908 13.800 -0.200 24.00 32.20 2.908 13.800 0.200 26.00 32.20 1.000 -0.022 -0.000
q 2 2.808 9.200 0.200 26.00 36.80 2.808 9.200 -0.200 24.00 36.80 2.908 13.800 -0.200 24.00 32.20 2.908 13.800 0.200 26.00 32.20 1.000 -0.022 -0.000
q 0 -2.552 9.200 0.200 26.00 36.80 -2.332 13.800 0.200 26.00 32.20 -2.332 13.800 -0.200 24.00 32.20 -2.552 9.200 -0.200 24.00 36.80 -0.999 0.048 0.000
q 2 -2.552 9.200 0.200 26.00 36.80 -2.332 13.800 0.200 26.00 32.20 -2.332 13.800 -0.200 24.00 32.20 -2.552 9.200 -0.200 24.00 36.80 -0.999 0.048 0.000
q 0 2.908 13.800 0.200 4.09 32.20 3.072 18.400 0.200 3.93 27.60 2.150 18.400 0.800 4.85 27.60 1.965 13.800 0.800 5.04 32.20 0.541 -0.021 0.841
q 0 1.965 13.800 0.800 5.04 32.20 2.150 18.400 0.800 4.85 27.60 -2.048 18.400 0.200 9.05 27.60 -2.332 13.800 0.200 9.33 32.20 -0.140 0.007 0.990
q 2 1.965 13.800 0.800 5.04 32.20 2.150 18.400 0.800 4.85 27.60 -2.048 18.400 0.200 9.05 27.60 -2.332 13.800 0.200 9.33 32.20 -0.140 0.007 0.990
q 0 2.908 13.800 -0.200 18.91 32.20 1.965 13.800 -0.800 17.96 32.20 2.150 18.400 -0.800 18.15 27.60 3.072 18.400 -0.200 19.07 27.60 0.541 -0.021 -0.841
q 0 1.965 13.800 -0.800 17.96 32.20 -2.332 13.800 -0.200 13.67 32.20 -2.048 18.400 -0.200 13.95 27.60 2.150 18.400 -0.800 18.15 27.60 -0.140 0.007 -0.990
q 2 1.965 13.800 -0.800 17.96 32.20 -2.332 13.800 -0.200 13.67 32.20 -2.048 18.400 -0.200 13.95 27.60 2.150 18.400 -0.800 18.15 27.60 -0.140 0.007 -0.990
q 0 2.908 13.800 0.200 26.00 32.20 2.908 13.800 -0.200 24.00 32.20 3.072 18.400 -0.200 24.00 27.60 3.072 18.400 0.200 26.00 27.60 0.999 -0.036 -0.000
q 2 2.908 13.800 0.200 26.00 32.20 2.908 13.800 -0.200 24.00 32.20 3.072 18.400 -0.200 24.00 27.60 3.072 18.400 0.200 26.00 27.60 0.999 -0.036 -0.000
q 0 -2.332 13.800 0.200 26.00 32.20 -2.048 18.400 0.200 26.00 27.60 -2.048 18.400 -0.200 24.00 27.60 -2.332 13.800 -0.200 24.00 32.20 -0.998 0.062 0.000
q 2 -2.332 13.800 0.200 26.00 32.20 -2.048 18.400 0.200 26.00 27.60 -2.048 18.400 -0.200 24.00 27.60 -2.332 13.800 -0.200 24.00 32.20 -0.998 0.062 0.000
q 0 3.072 18.400 0.200 3.93 27.60 3.300 23.000 0.200 3.70 23.00 2.400 23.000 0.800 4.60 23.00 2.150 18.400 0.800 4.85 27.60 0.550 -0.029 0.835
q 0 2.150 18.400 0.800 4.85 27.60 2.400 23.000 0.800 4.60 23.00 -1.700 23.000 0.200 8.70 23.00 -2.048 18.400 0.200 9.05 27.60 -0.143 0.009 0.990
q 2 2.150 18.400 0.800 4.85 27.60 2.400 23.000 0.800 4.60 23.00 -1.700 23.000 0.200 8.70 23.00 -2.048 18.400 0.200 9.05 27.60 -0.143 0.009 0.990
q 0 3.072 18.400 -0.200 19.07 27.60 2.150 18.400 -0.800 18.15 27.60 2.400 23.000 -0.800 18.40 23.00 3.300 23.000 -0.200 19.30 23.00 0.550 -0.029 -0.835
q 0 2.150 18.400 -0.800 18.15 27.60 -2.048 18.400 -0.200 13.95 27.60 -1.700 23.000 -0.200 14.30 23.00 2.400 23.000 -0.800 18.40 23.00 -0.143 0.009 -0.990
q 2 2.150 18.400 -0.800 18.15 27.60 -2.048 18.400 -0.200 13.95 27.60 -1.700 23.000 -0.200 14.30 23.00 2.400 23.000 -0.800 18.40 23.00 -0.143 0.009 -0.990
q 0 3.072 18.400 0.200 26.00 27.60 3.072 18.400 -0.200 24.00 27.60 3.300 23.000 -0.200 24.00 23.00 3.300 23.000 0.200 26.00 23.00 0.999 -0.050 -0.000
q 2 3.072 18.400 0.200 26.00 27.60 3.072 18.400 -0.200 24.00 27.60 3.300 23.000 -0.200 24.00 23.00 3.300 23.000 0.200 26.00 23.00 0.999 -0.050 -0.000
q 0 -2.048 18.400 0.200 26.00 27.60 -1.700 23.000 0.200 26.00 23.00 -1.700 23.000 -0.200 24.00 23.00 -2.048 18.400 -0.200 24.00 27.60 -0.997 0.075 0.000
q 2 -2.048 18.400 0.200 26.00 27.60 -1.700 23.000 0.200 26.00 23.00 -1.700 23.000 -0.200 24.00 23.00 -2.048 18.400 -0.200 24.00 27.60 -0.997 0.075 0.000
q 0 3.300 23.000 0.200 3.70 23.00 3.592 27.600 0.200 3.41 18.40 2.714 27.600 0.800 4.29 18.40 2.400 23.000 0.800 4.60 23.00 0.559 -0.037 0.828
q 0 2.400 23.000 0.800 4.60 23.00 2.714 27.600 0.800 4.29 18.40 -1.288 27.600 0.200 8.29 18.40 -1.700 23.000 0.200 8.70 23.00 -0.147 0.012 0.989
q 2 2.400 23.000 0.800 4.60 23.00 2.714 27.600 0.800 4.29 18.40 -1.288 27.600 0.200 8.29 18.40 -1.700 23.000 0.200 8.70 23.00 -0.147 0.012 0.989
q 0 3.300 23.000 -0.200 19.30 23.00 2.400 23.000 -0.800 18.40 23.00 2.714 27.600 -0.800 18.71 18.40 3.592 27.600 -0.200 19.59 18.40 0.559 -0.037 -0.828
q 0 2.400 23.000 -0.800 18.40 23.00 -1.700 23.000 -0.200 14.30 23.00 -1.288 27.600 -0.200 14.71 18.40 2.714 27.600 -0.800 18.71 18.40 -0.147 0.012 -0.989
q 2 2.400 23.000 -0.800 18.40 23.00 -1.700 23.000 -0.200 14.30 23.00 -1.288 27.600 -0.200 14.71 18.40 2.714 27.600 -0.800 18.71 18.40 -0.147 0.012 -0.989
q 0 3.300 23.000 0.200 26.00 23.00 3.300 23.000 -0.200 24.00 23.00 3.592 27.600 -0.200 24.00 18.40 3.592 27.600 0.200 26.00 18.40 0.998 -0.063 -0.000
q 2 3.300 23.000 0.200 26.00 23.00 3.300 23.000 -0.200 24.00 23.00 3.592 27.600 -0.200 24.00 18.40 3.592 27.600 0.200 26.00 18.40 0.998 -0.063 -0.000
q 0 -1.700 23.000 0.200 26.00 23.00 -1.288 27.600 0.200 26.00 18.40 -1.288 27.600 -0.200 24.00 18.40 -1.700 23.000 -0.200 24.00 23.00 -0.996 0.089 0.000
q 2 -1.700 23.000 0.200 26.00 23.00 -1.288 27.600 0.200 26.00 18.40 -1.288 27.600 -0.200 24.00 18.40 -1.700 23.000 -0.200 24.00 23.00 -0.996 0.089 0.000
q 0 3.592 27.600 0.200 3.41 18.40 3.948 32.200 0.200 3.05 13.80 3.091 32.200 0.800 3.91 13.80 2.714 27.600 0.800 4.29 18.40 0.568 -0.045 0.822
q 0 2.714 27.600 0.800 4.29 18.40 3.091 32.200 0.800 3.91 13.80 -0.812 32.200 0.200 7.81 13.80 -1.288 27.600 0.200 8.29 18.40 -0.150 0.014 0.989
q 2 2.714 27.600 0.800 4.29 18.40 3.091 32.200 0.800 3.91 13.80 -0.812 32.200 0.200 7.81 13.80 -1.288 27.600 0.200 8.29 18.40 -0.150 0.014 0.989
q 0 3.592 27.600 -0.200 19.59 18.40 2.714 27.600 -0.800 18.71 18.40 3.091 32.200 -0.800 19.09 13.80 3.948 32.200 -0.200 19.95 13.80 0.568 -0.045 -0.822
q 0 2.714 27.600 -0.800 18.71 18.40 -1.288 27.600 -0.200 14.71 18.40 -0.812 32.200 -0.200 15.19 13.80 3.091 32.200 -0.800 19.09 13.80 -0.150 0.014 -0.989
q 2 2.714 27.600 -0.800 18.71 18.40 -1.288 27.600 -0.200 14.71 18.40 -0.812 32.200 -0.200 15.19 13.80 3.091 32.200 -0.800 19.09 13.80 -0.150 0.014 -0.989
q 0 3.592 27.600 0.200 26.00 18.40 3.592 27.600 -0.200 24.00 18.40 3.948 32.200 -0.200 24.00 13.80 3.948 32.200 0.200 26.00 13.80 0.997 -0.077 -0.000
q 2 3.592 27.600 0.200 26.00 18.40 3.592 27.600 -0.200 24.00 18.40 3.948 32.200 -0.200 24.00 13.80 3.948 32.200 0.200 26.00 13.80 0.997 -0.077 -0.000
q 0 -1.288 27.600 0.200 26.00 18.40 -0.812 32.200 0.200 26.00 13.80 -0.812 32.200 -0.200 24.00 13.80 -1.288 27.600 -0.200 24.00 18.40 -0.995 0.103 0.000
q 2 -1.288 27.600 0.200 26.00 18.40 -0.812 32.200 0.200 26.00 13.80 -0.812 32.200 -0.200 24.00 13.80 -1.288 27.600 -0.200 24.00 18.40 -0.995 0.103 0.000
q 0 3.948 32.200 0.200 3.05 13.80 4.368 36.800 0.200 2.63 9.20 3.533 36.800 0.800 3.47 9.20 3.091 32.200 0.800 3.91 13.80 0.578 -0.054 0.814
q 0 3.091 32.200 0.800 3.91 13.80 3.533 36.800 0.800 3.47 9.20 -0.272 36.800 0.200 7.27 9.20 -0.812 32.200 0.200 7.81 13.80 -0.154 0.016 0.988
q 2 3.091 32.200 0.800 3.91 13.80 3.533 36.800 0.800 3.47 9.20 -0.272 36.800 0.200 7.27 9.20 -0.812 32.200 0.200 7.81 13.80 -0.154 0.016 0.988
q 0 3.948 32.200 -0.200 19.95 13.80 3.091 32.200 -0.800 19.09 13.80 3.533 36.800 -0.800 19.53 9.20 4.368 36.800 -0.200 20.37 9.20 0.578 -0.054 -0.814
q 0 3.091 32.200 -0.800 19.09 13.80 -0.812 32.200 -0.200 15.19 13.80 -0.272 36.800 -0.200 15.73 9.20 3.533 36.800 -0.800 19.53 9.20 -0.154 0.016 -0.988
q 2 3.091 32.200 -0.800 19.09 13.80 -0.812 32.200 -0.200 15.19 13.80 -0.272 36.800 -0.200 15.73 9.20 3.533 36.800 -0.800 19.53 9.20 -0.154 0.016 -0.988
q 0 3.948 32.200 0.200 26.00 13.80 3.948 32.200 -0.200 24.00 13.80 4.368 36.800 -0.200 24.00 9.20 4.368 36.800 0.200 26.00 9.20 0.996 -0.091 -0.000
q 2 3.948 32.200 0.200 26.00 13.80 3.948 32.200 -0.200 24.00 13.80 4.368 36.800 -0.200 24.00 9.20 4.368 36.800 0.200 26.00 9.20 0.996 -0.091 -0.000
q 0 -0.812 32.200 0.200 26.00 13.80 -0.272 36.800 0.200 26.00 9.20 -0.272 36.800 -0.200 24.00 9.20 -0.812 32.200 -0.200 24.00 13.80 -0.993 0.117 0.000
q 2 -0.812 32.200 0.200 26.00 13.80 -0.272 36.800 0.200 26.00 9.20 -0.272 36.800 -0.200 24.00 9.20 -0.812 32.200 -0.200 24.00 13.80 -0.993 0.117 0.000
q 0 4.368 36.800 0.200 2.63 9.20 4.620 40.000 0.200 2.38 6.00 3.828 40.000 0.800 3.17 6.00 3.533 36.800 0.800 3.47 9.20 0.593 -0.051 0.804
q 0 3.533 36.800 0.800 3.47 9.20 3.828 40.000 0.800 3.17 6.00 0.220 40.000 0.200 6.78 6.00 -0.272 36.800 0.200 7.27 9.20 -0.160 0.020 0.987
q 2 3.533 36.800 0.800 3.47 9.20 3.828 40.000 0.800 3.17 6.00 0.220 40.000 0.200 6.78 6.00 -0.272 36.800 0.200 7.27 9.20 -0.160 0.020 0.987
q 0 4.368 36.800 -0.200 20.37 9.20 3.533 36.800 -0.800 19.53 9.20 3.828 40.000 -0.800 19.83 6.00 4.620 40.000 -0.200 20.62 6.00 0.593 -0.051 -0.804
q 0 3.533 36.800 -0.800 19.53 9.20 -0.272 36.800 -0.200 15.73 9.20 0.220 40.000 -0.200 16.22 6.00 3.828 40.000 -0.800 19.83 6.00 -0.160 0.020 -0.987
q 2 3.533 36.800 -0.800 19.53 9.20 -0.272 36.800 -0.200 15.73 9.20 0.220 40.000 -0.200 16.22 6.00 3.828 40.000 -0.800 19.83 6.00 -0.160 0.020 -0.987
q 0 4.368 36.800 0.200 26.00 9.20 4.368 36.800 -0.200 24.00 9.20 4.620 40.000 -0.200 24.00 6.00 4.620 40.000 0.200 26.00 6.00 0.997 -0.078 -0.000
q 2 4.368 36.800 0.200 26.00 9.20 4.368 36.800 -0.200 24.00 9.20 4.620 40.000 -0.200 24.00 6.00 4.620 40.000 0.200 26.00 6.00 0.997 -0.078 -0.000
q 0 -0.272 36.800 0.200 26.00 9.20 0.220 40.000 0.200 26.00 6.00 0.220 40.000 -0.200 24.00 6.00 -0.272 36.800 -0.200 24.00 9.20 -0.988 0.152 0.000
q 2 -0.272 36.800 0.200 26.00 9.20 0.220 40.000 0.200 26.00 6.00 0.220 40.000 -0.200 24.00 6.00 -0.272 36.800 -0.200 24.00 9.20 -0.988 0.152 0.000
q 0 4.620 40.000 0.200 2.38 6.00 5.035 43.300 0.200 1.96 2.70 4.155 43.300 0.800 2.84 2.70 3.828 40.000 0.800 3.17 6.00 0.582 -0.066 0.811
q 2 4.620 40.000 0.200 2.38 6.00 5.035 43.300 0.200 1.96 2.70 4.155 43.300 0.800 2.84 2.70 3.828 40.000 0.800 3.17 6.00 0.582 -0.066 0.811
q 0 3.828 40.000 0.800 3.17 6.00 4.155 43.300 0.800 2.84 2.70 1.625 43.300 0.200 5.37 2.70 0.220 40.000 0.200 6.78 6.00 -0.192 0.050 0.980
q 2 3.828 40.000 0.800 3.17 6.00 4.155 43.300 0.800 2.84 2.70 1.625 43.300 0.200 5.37 2.70 0.220 40.000 0.200 6.78 6.00 -0.192 0.050 0.980
q 0 4.620 40.000 -0.200 20.62 6.00 3.828 40.000 -0.800 19.83 6.00 4.155 43.300 -0.800 20.16 2.70 5.035 43.300 -0.200 21.04 2.70 0.582 -0.066 -0.811
q 2 4.620 40.000 -0.200 20.62 6.00 3.828 40.000 -0.800 19.83 6.00 4.155 43.300 -0.800 20.16 2.70 5.035 43.300 -0.200 21.04 2.70 0.582 -0.066 -0.811
q 0 3.828 40.000 -0.800 19.83 6.00 0.220 40.000 -0.200 16.22 6.00 1.625 43.300 -0.200 17.63 2.70 4.155 43.300 -0.800 20.16 2.70 -0.192 0.050 -0.980
q 2 3.828 40.000 -0.800 19.83 6.00 0.220 40.000 -0.200 16.22 6.00 1.625 43.300 -0.200 17.63 2.70 4.155 43.300 -0.800 20.16 2.70 -0.192 0.050 -0.980
q 0 4.620 40.000 0.200 26.00 6.00 4.620 40.000 -0.200 24.00 6.00 5.035 43.300 -0.200 24.00 2.70 5.035 43.300 0.200 26.00 2.70 0.992 -0.125 -0.000
q 2 4.620 40.000 0.200 26.00 6.00 4.620 40.000 -0.200 24.00 6.00 5.035 43.300 -0.200 24.00 2.70 5.035 43.300 0.200 26.00 2.70 0.992 -0.125 -0.000
q 0 0.220 40.000 0.200 26.00 6.00 1.625 43.300 0.200 26.00 2.70 1.625 43.300 -0.200 24.00 2.70 0.220 40.000 -0.200 24.00 6.00 -0.920 0.392 0.000
q 2 0.220 40.000 0.200 26.00 6.00 1.625 43.300 0.200 26.00 2.70 1.625 43.300 -0.200 24.00 2.70 0.220 40.000 -0.200 24.00 6.00 -0.920 0.392 0.000
q 0 5.035 43.300 0.200 1.96 2.70 5.400 46.000 0.200 1.60 0.00 5.400 46.000 0.800 1.60 0.00 4.155 43.300 0.800 2.84 2.70 0.784 -0.234 0.575
q 2 5.035 43.300 0.200 1.96 2.70 5.400 46.000 0.200 1.60 0.00 5.400 46.000 0.800 1.60 0.00 4.155 43.300 0.800 2.84 2.70 0.784 -0.234 0.575
q 0 4.155 43.300 0.800 2.84 2.70 5.400 46.000 0.800 1.60 0.00 5.400 46.000 0.200 1.60 0.00 1.625 43.300 0.200 5.37 2.70 -0.398 0.370 0.839
q 2 4.155 43.300 0.800 2.84 2.70 5.400 46.000 0.800 1.60 0.00 5.400 46.000 0.200 1.60 0.00 1.625 43.300 0.200 5.37 2.70 -0.398 0.370 0.839
q 0 5.035 43.300 -0.200 21.04 2.70 4.155 43.300 -0.800 20.16 2.70 5.400 46.000 -0.800 21.40 0.00 5.400 46.000 -0.200 21.40 0.00 0.784 -0.234 -0.575
q 2 5.035 43.300 -0.200 21.04 2.70 4.155 43.300 -0.800 20.16 2.70 5.400 46.000 -0.800 21.40 0.00 5.400 46.000 -0.200 21.40 0.00 0.784 -0.234 -0.575
q 0 4.155 43.300 -0.800 20.16 2.70 1.625 43.300 -0.200 17.63 2.70 5.400 46.000 -0.200 21.40 0.00 5.400 46.000 -0.800 21.40 0.00 -0.398 0.370 -0.839
q 2 4.155 43.300 -0.800 20.16 2.70 1.625 43.300 -0.200 17.63 2.70 5.400 46.000 -0.200 21.40 0.00 5.400 46.000 -0.800 21.40 0.00 -0.398 0.370 -0.839
q 0 5.035 43.300 0.200 26.00 2.70 5.035 43.300 -0.200 24.00 2.70 5.400 46.000 -0.200 24.00 0.00 5.400 46.000 0.200 26.00 0.00 0.991 -0.134 -0.000
q 2 5.035 43.300 0.200 26.00 2.70 5.035 43.300 -0.200 24.00 2.70 5.400 46.000 -0.200 24.00 0.00 5.400 46.000 0.200 26.00 0.00 0.991 -0.134 -0.000
q 0 1.625 43.300 0.200 26.00 2.70 5.400 46.000 0.200 26.00 0.00 5.400 46.000 -0.200 24.00 0.00 1.625 43.300 -0.200 24.00 2.70 -0.582 0.813 0.000
q 2 1.625 43.300 0.200 26.00 2.70 5.400 46.000 0.200 26.00 0.00 5.400 46.000 -0.200 24.00 0.00 1.625 43.300 -0.200 24.00 2.70 -0.582 0.813 0.000
q 0 2.800 0.000 0.200 24.00 46.00 1.792 0.000 0.800 25.00 46.00 1.792 0.000 -0.800 25.00 46.50 2.800 0.000 -0.200 24.00 46.50 0.000 -1.000 -0.000
q 0 1.792 0.000 0.800 25.00 46.00 -2.800 0.000 0.200 26.00 46.00 -2.800 0.000 -0.200 26.00 46.50 1.792 0.000 -0.800 25.00 46.50 0.000 -1.000 -0.000
q 0 4.200 0.600 4.800 27.00 9.00 4.200 0.600 -4.200 27.00 0.00 -4.800 0.600 -4.200 36.00 0.00 -4.800 0.600 4.800 36.00 9.00 -0.000 1.000 0.000
q 0 4.200 -0.600 4.800 46.00 9.00 -4.800 -0.600 4.800 37.00 9.00 -4.800 -0.600 -4.200 37.00 0.00 4.200 -0.600 -4.200 46.00 0.00 0.000 -1.000 -0.000
q 0 1.200 0.600 -4.200 30.00 0.50 1.200 -0.600 -4.200 30.00 0.50 -1.800 -0.600 -4.200 33.00 0.50 -1.800 0.600 -4.200 33.00 0.50 -0.000 -0.000 -1.000
q 0 2.200 0.600 -3.200 29.00 1.50 2.200 -0.600 -3.200 29.00 1.50 1.200 -0.600 -3.200 30.00 1.50 1.200 0.600 -3.200 30.00 1.50 -0.000 -0.000 -1.000
q 0 -1.800 0.600 -3.200 33.00 1.50 -1.800 -0.600 -3.200 33.00 1.50 -2.800 -0.600 -3.200 34.00 1.50 -2.800 0.600 -3.200 34.00 1.50 -0.000 -0.000 -1.000
q 0 3.200 0.600 -2.200 28.00 2.50 3.200 -0.600 -2.200 28.00 2.50 2.200 -0.600 -2.200 29.00 2.50 2.200 0.600 -2.200 29.00 2.50 -0.000 -0.000 -1.000
q 0 -2.800 0.600 -2.200 34.00 2.50 -2.800 -0.600 -2.200 34.00 2.50 -3.800 -0.600 -2.200 35.00 2.50 -3.800 0.600 -2.200 35.00 2.50 -0.000 -0.000 -1.000
q 0 4.200 0.600 -1.200 27.00 3.50 4.200 -0.600 -1.200 27.00 3.50 3.200 -0.600 -1.200 28.00 3.50 3.200 0.600 -1.200 28.00 3.50 -0.000 -0.000 -1.000
q 0 -3.800 0.600 -1.200 35.00 3.50 -3.800 -0.600 -1.200 35.00 3.50 -4.800 -0.600 -1.200 36.00 3.50 -4.800 0.600 -1.200 36.00 3.50 -0.000 -0.000 -1.000
q 0 4.200 0.600 1.800 27.00 5.50 3.200 0.600 1.800 28.00 5.50 3.200 -0.600 1.800 28.00 5.50 4.200 -0.600 1.800 27.00 5.50 0.000 0.000 1.000
q 0 -3.800 0.600 1.800 35.00 5.50 -4.800 0.600 1.800 36.00 5.50 -4.800 -0.600 1.800 36.00 5.50 -3.800 -0.600 1.800 35.00 5.50 0.000 0.000 1.000
q 0 3.200 0.600 2.800 28.00 6.50 2.200 0.600 2.800 29.00 6.50 2.200 -0.600 2.800 29.00 6.50 3.200 -0.600 2.800 28.00 6.50 0.000 0.000 1.000
q 0 -2.800 0.600 2.800 34.00 6.50 -3.800 0.600 2.800 35.00 6.50 -3.800 -0.600 2.800 35.00 6.50 -2.800 -0.600 2.800 34.00 6.50 0.000 0.000 1.000
q 0 2.200 0.600 3.800 29.00 7.50 1.200 0.600 3.800 30.00 7.50 1.200 -0.600 3.800 30.00 7.50 2.200 -0.600 3.800 29.00 7.50 0.000 0.000 1.000
q 0 -1.800 0.600 3.800 33.00 7.50 -2.800 0.600 3.800 34.00 7.50 -2.800 -0.600 3.800 34.00 7.50 -1.800 -0.600 3.800 33.00 7.50 0.000 0.000 1.000
q 0 1.200 0.600 4.800 30.00 8.50 -1.800 0.600 4.800 33.00 8.50 -1.800 -0.600 4.800 33.00 8.50 1.200 -0.600 4.800 30.00 8.50 0.000 0.000 1.000
q 0 4.200 0.600 -1.200 27.50 3.00 4.200 0.600 1.800 27.50 6.00 4.200 -0.600 1.800 27.50 6.00 4.200 -0.600 -1.200 27.50 3.00 1.000 -0.000 -0.000
q 0 3.200 0.600 -2.200 28.50 2.00 3.200 0.600 -1.200 28.50 3.00 3.200 -0.600 -1.200 28.50 3.00 3.200 -0.600 -2.200 28.50 2.00 1.000 -0.000 -0.000
q 0 3.200 0.600 1.800 28.50 6.00 3.200 0.600 2.800 28.50 7.00 3.200 -0.600 2.800 28.50 7.00 3.200 -0.600 1.800 28.50 6.00 1.000 -0.000 -0.000
q 0 2.200 0.600 -3.200 29.50 1.00 2.200 0.600 -2.200 29.50 2.00 2.200 -0.600 -2.200 29.50 2.00 2.200 -0.600 -3.200 29.50 1.00 1.000 -0.000 -0.000
q 0 2.200 0.600 2.800 29.50 7.00 2.200 0.600 3.800 29.50 8.00 2.200 -0.600 3.800 29.50 8.00 2.200 -0.600 2.800 29.50 7.00 1.000 -0.000 -0.000
q 0 1.200 0.600 -4.200 30.50 0.00 1.200 0.600 -3.200 30.50 1.00 1.200 -0.600 -3.200 30.50 1.00 1.200 -0.600 -4.200 30.50 0.00 1.000 -0.000 -0.000
q 0 1.200 0.600 3.800 30.50 8.00 1.200 0.600 4.800 30.50 9.00 1.200 -0.600 4.800 30.50 9.00 1.200 -0.600 3.800 30.50 8.00 1.000 -0.000 -0.000
q 0 -1.800 0.600 -4.200 32.50 0.00 -1.800 -0.600 -4.200 32.50 0.00 -1.800 -0.600 -3.200 32.50 1.00 -1.800 0.600 -3.200 32.50 1.00 -1.000 0.000 0.000
q 0 -1.800 0.600 3.800 32.50 8.00 -1.800 -0.600 3.800 32.50 8.00 -1.800 -0.600 4.800 32.50 9.00 -1.800 0.600 4.800 32.50 9.00 -1.000 0.000 0.000
q 0 -2.800 0.600 -3.200 33.50 1.00 -2.800 -0.600 -3.200 33.50 1.00 -2.800 -0.600 -2.200 33.50 2.00 -2.800 0.600 -2.200 33.50 2.00 -1.000 0.000 0.000
q 0 -2.800 0.600 2.800 33.50 7.00 -2.800 -0.600 2.800 33.50 7.00 -2.800 -0.600 3.800 33.50 8.00 -2.800 0.600 3.800 33.50 8.00 -1.000 0.000 0.000
q 0 -3.800 0.600 -2.200 34.50 2.00 -3.800 -0.600 -2.200 34.50 2.00 -3.800 -0.600 -1.200 34.50 3.00 -3.800 0.600 -1.200 34.50 3.00 -1.000 0.000 0.000
q 0 -3.800 0.600 1.800 34.50 6.00 -3.800 -0.600 1.800 34.50 6.00 -3.800 -0.600 2.800 34.50 7.00 -3.800 0.600 2.800 34.50 7.00 -1.000 0.000 0.000
q 0 -4.800 0.600 -1.200 35.50 3.00 -4.800 -0.600 -1.200 35.50 3.00 -4.800 -0.600 1.800 35.50 6.00 -4.800 0.600 1.800 35.50 6.00 -1.000 0.000 0.000
q 0 1.600 -0.600 1.600 51.00 4.00 1.600 -0.600 -1.600 51.00 0.00 -1.600 -0.600 -1.600 55.00 0.00 -1.600 -0.600 1.600 55.00 4.00 -0.000 1.000 0.000
q 0 1.600 -1.800 -1.600 55.00 0.00 1.600 -1.800 1.600 55.00 4.00 -1.600 -1.800 1.600 59.00 4.00 -1.600 -1.800 -1.600 59.00 0.00 -0.000 -1.000 0.000
q 0 1.600 -1.800 -1.600 47.00 6.00 1.600 -0.600 -1.600 47.00 4.00 1.600 -0.600 1.600 51.00 4.00 1.600 -1.800 1.600 51.00 6.00 1.000 0.000 0.000
q 0 -1.600 -1.800 -1.600 51.00 6.00 -1.600 -0.600 -1.600 51.00 4.00 1.600 -0.600 -1.600 55.00 4.00 1.600 -1.800 -1.600 55.00 6.00 -0.000 0.000 -1.000
q 0 -1.600 -1.800 1.600 55.00 6.00 -1.600 -0.600 1.600 55.00 4.00 -1.600 -0.600 -1.600 59.00 4.00 -1.600 -1.800 -1.600 59.00 6.00 -1.000 -0.000 0.000
q 0 1.600 -1.800 1.600 59.00 6.00 1.600 -0.600 1.600 59.00 4.00 -1.600 -0.600 1.600 63.00 4.00 -1.600 -1.800 1.600 63.00 6.00 -0.000 -0.000 1.000
q 0 1.400 -1.800 1.200 67.00 3.00 1.400 -1.800 -1.200 67.00 0.00 -1.400 -1.800 -1.200 70.00 0.00 -1.400 -1.800 1.200 70.00 3.00 -0.000 1.000 0.000
q 0 1.400 -15.000 -1.200 70.00 0.00 1.400 -15.000 1.200 70.00 3.00 -1.400 -15.000 1.200 73.00 3.00 -1.400 -15.000 -1.200 73.00 0.00 -0.000 -1.000 0.000
q 0 1.400 -15.000 -1.200 64.00 17.00 1.400 -1.800 -1.200 64.00 3.00 1.400 -1.800 1.200 67.00 3.00 1.400 -15.000 1.200 67.00 17.00 1.000 0.000 0.000
q 0 -1.400 -15.000 -1.200 67.00 17.00 -1.400 -1.800 -1.200 67.00 3.00 1.400 -1.800 -1.200 70.00 3.00 1.400 -15.000 -1.200 70.00 17.00 -0.000 0.000 -1.000
q 0 -1.400 -15.000 1.200 70.00 17.00 -1.400 -1.800 1.200 70.00 3.00 -1.400 -1.800 -1.200 73.00 3.00 -1.400 -15.000 -1.200 73.00 17.00 -1.000 -0.000 0.000
q 0 1.400 -15.000 1.200 73.00 17.00 1.400 -1.800 1.200 73.00 3.00 -1.400 -1.800 1.200 76.00 3.00 -1.400 -15.000 1.200 76.00 17.00 -0.000 -0.000 1.000
q 0 1.700 -15.000 1.500 80.00 3.00 1.700 -15.000 -1.500 80.00 0.00 -1.700 -15.000 -1.500 84.00 0.00 -1.700 -15.000 1.500 84.00 3.00 -0.000 1.000 0.000
q 0 1.700 -16.600 -1.500 84.00 0.00 1.700 -16.600 1.500 84.00 3.00 -1.700 -16.600 1.500 88.00 3.00 -1.700 -16.600 -1.500 88.00 0.00 -0.000 -1.000 0.000
q 0 1.700 -16.600 -1.500 77.00 5.00 1.700 -15.000 -1.500 77.00 3.00 1.700 -15.000 1.500 80.00 3.00 1.700 -16.600 1.500 80.00 5.00 1.000 0.000 0.000
q 0 -1.700 -16.600 -1.500 80.00 5.00 -1.700 -15.000 -1.500 80.00 3.00 1.700 -15.000 -1.500 84.00 3.00 1.700 -16.600 -1.500 84.00 5.00 -0.000 0.000 -1.000
q 0 -1.700 -16.600 1.500 84.00 5.00 -1.700 -15.000 1.500 84.00 3.00 -1.700 -15.000 -1.500 87.00 3.00 -1.700 -16.600 -1.500 87.00 5.00 -1.000 -0.000 0.000
q 0 1.700 -16.600 1.500 87.00 5.00 1.700 -15.000 1.500 87.00 3.00 -1.700 -15.000 1.500 91.00 3.00 -1.700 -16.600 1.500 91.00 5.00 -0.000 -0.000 1.000
