# generated by tools/gen_weapon_models.py (devil_contract)
place 0.50000 0.20312 90.000 0.042411 -7.000
glow FF7840 0.06 0.4 1.0
q 0 -6.000 7.000 2.000 4.00 4.00 6.000 7.000 2.000 16.00 4.00 6.000 7.000 -2.000 16.00 0.00 -6.000 7.000 -2.000 4.00 0.00 0.000 1.000 0.000
q 0 -6.000 -7.000 -2.000 16.00 0.00 6.000 -7.000 -2.000 28.00 0.00 6.000 -7.000 2.000 28.00 4.00 -6.000 -7.000 2.000 16.00 4.00 0.000 -1.000 0.000
q 0 -6.000 -7.000 -2.000 0.00 18.00 -6.000 -7.000 2.000 4.00 18.00 -6.000 7.000 2.000 4.00 4.00 -6.000 7.000 -2.000 0.00 4.00 -1.000 0.000 0.000
q 0 6.000 -7.000 -2.000 4.00 18.00 -6.000 -7.000 -2.000 16.00 18.00 -6.000 7.000 -2.000 16.00 4.00 6.000 7.000 -2.000 4.00 4.00 0.000 0.000 -1.000
q 0 6.000 -7.000 2.000 16.00 18.00 6.000 -7.000 -2.000 20.00 18.00 6.000 7.000 -2.000 20.00 4.00 6.000 7.000 2.000 16.00 4.00 1.000 -0.000 0.000
q 0 -6.000 -7.000 2.000 20.00 18.00 6.000 -7.000 2.000 32.00 18.00 6.000 7.000 2.000 32.00 4.00 -6.000 7.000 2.000 20.00 4.00 0.000 -0.000 1.000
q 0 -2.500 -5.500 2.700 33.00 5.00 2.500 -5.500 2.700 38.00 5.00 2.500 -0.500 2.700 38.00 0.00 -2.500 -0.500 2.700 33.00 0.00 0.000 -0.000 1.000
q 2 -2.500 -5.500 2.700 33.00 5.00 2.500 -5.500 2.700 38.00 5.00 2.500 -0.500 2.700 38.00 0.00 -2.500 -0.500 2.700 33.00 0.00 0.000 -0.000 1.000
q 0 -2.500 -5.500 1.900 44.00 5.00 -2.500 -0.500 1.900 44.00 0.00 2.500 -0.500 1.900 39.00 0.00 2.500 -5.500 1.900 39.00 5.00 -0.000 0.000 -1.000
q 2 -2.500 -5.500 1.900 44.00 5.00 -2.500 -0.500 1.900 44.00 0.00 2.500 -0.500 1.900 39.00 0.00 2.500 -5.500 1.900 39.00 5.00 -0.000 0.000 -1.000
q 0 -0.500 -0.500 2.700 35.00 0.50 0.500 -0.500 2.700 36.00 0.50 0.500 -0.500 1.900 36.00 0.50 -0.500 -0.500 1.900 35.00 0.50 0.000 1.000 0.000
q 2 -0.500 -0.500 2.700 35.00 0.50 0.500 -0.500 2.700 36.00 0.50 0.500 -0.500 1.900 36.00 0.50 -0.500 -0.500 1.900 35.00 0.50 0.000 1.000 0.000
q 0 -1.500 -1.500 2.700 34.00 1.50 -0.500 -1.500 2.700 35.00 1.50 -0.500 -1.500 1.900 35.00 1.50 -1.500 -1.500 1.900 34.00 1.50 0.000 1.000 0.000
q 2 -1.500 -1.500 2.700 34.00 1.50 -0.500 -1.500 2.700 35.00 1.50 -0.500 -1.500 1.900 35.00 1.50 -1.500 -1.500 1.900 34.00 1.50 0.000 1.000 0.000
q 0 0.500 -1.500 2.700 36.00 1.50 1.500 -1.500 2.700 37.00 1.50 1.500 -1.500 1.900 37.00 1.50 0.500 -1.500 1.900 36.00 1.50 0.000 1.000 0.000
q 2 0.500 -1.500 2.700 36.00 1.50 1.500 -1.500 2.700 37.00 1.50 1.500 -1.500 1.900 37.00 1.50 0.500 -1.500 1.900 36.00 1.50 0.000 1.000 0.000
q 0 -2.500 -2.500 2.700 33.00 2.50 -1.500 -2.500 2.700 34.00 2.50 -1.500 -2.500 1.900 34.00 2.50 -2.500 -2.500 1.900 33.00 2.50 0.000 1.000 0.000
q 2 -2.500 -2.500 2.700 33.00 2.50 -1.500 -2.500 2.700 34.00 2.50 -1.500 -2.500 1.900 34.00 2.50 -2.500 -2.500 1.900 33.00 2.50 0.000 1.000 0.000
q 0 1.500 -2.500 2.700 37.00 2.50 2.500 -2.500 2.700 38.00 2.50 2.500 -2.500 1.900 38.00 2.50 1.500 -2.500 1.900 37.00 2.50 0.000 1.000 0.000
q 2 1.500 -2.500 2.700 37.00 2.50 2.500 -2.500 2.700 38.00 2.50 2.500 -2.500 1.900 38.00 2.50 1.500 -2.500 1.900 37.00 2.50 0.000 1.000 0.000
q 0 -2.500 -3.500 2.700 33.00 2.50 -2.500 -3.500 1.900 33.00 2.50 -0.500 -3.500 1.900 35.00 2.50 -0.500 -3.500 2.700 35.00 2.50 -0.000 -1.000 -0.000
q 2 -2.500 -3.500 2.700 33.00 2.50 -2.500 -3.500 1.900 33.00 2.50 -0.500 -3.500 1.900 35.00 2.50 -0.500 -3.500 2.700 35.00 2.50 -0.000 -1.000 -0.000
q 0 0.500 -3.500 2.700 36.00 2.50 0.500 -3.500 1.900 36.00 2.50 2.500 -3.500 1.900 38.00 2.50 2.500 -3.500 2.700 38.00 2.50 -0.000 -1.000 -0.000
q 2 0.500 -3.500 2.700 36.00 2.50 0.500 -3.500 1.900 36.00 2.50 2.500 -3.500 1.900 38.00 2.50 2.500 -3.500 2.700 38.00 2.50 -0.000 -1.000 -0.000
q 0 -1.500 -4.500 2.700 34.00 4.50 -0.500 -4.500 2.700 35.00 4.50 -0.500 -4.500 1.900 35.00 4.50 -1.500 -4.500 1.900 34.00 4.50 0.000 1.000 0.000
q 2 -1.500 -4.500 2.700 34.00 4.50 -0.500 -4.500 2.700 35.00 4.50 -0.500 -4.500 1.900 35.00 4.50 -1.500 -4.500 1.900 34.00 4.50 0.000 1.000 0.000
q 0 0.500 -4.500 2.700 36.00 4.50 1.500 -4.500 2.700 37.00 4.50 1.500 -4.500 1.900 37.00 4.50 0.500 -4.500 1.900 36.00 4.50 0.000 1.000 0.000
q 2 0.500 -4.500 2.700 36.00 4.50 1.500 -4.500 2.700 37.00 4.50 1.500 -4.500 1.900 37.00 4.50 0.500 -4.500 1.900 36.00 4.50 0.000 1.000 0.000
q 0 -1.500 -5.500 2.700 34.00 4.50 -1.500 -5.500 1.900 34.00 4.50 1.500 -5.500 1.900 37.00 4.50 1.500 -5.500 2.700 37.00 4.50 -0.000 -1.000 -0.000
q 2 -1.500 -5.500 2.700 34.00 4.50 -1.500 -5.500 1.900 34.00 4.50 1.500 -5.500 1.900 37.00 4.50 1.500 -5.500 2.700 37.00 4.50 -0.000 -1.000 -0.000
q 0 -2.500 -2.500 2.700 33.50 2.00 -2.500 -2.500 1.900 33.50 2.00 -2.500 -3.500 1.900 33.50 3.00 -2.500 -3.500 2.700 33.50 3.00 -1.000 -0.000 -0.000
q 2 -2.500 -2.500 2.700 33.50 2.00 -2.500 -2.500 1.900 33.50 2.00 -2.500 -3.500 1.900 33.50 3.00 -2.500 -3.500 2.700 33.50 3.00 -1.000 -0.000 -0.000
q 0 -1.500 -1.500 2.700 34.50 1.00 -1.500 -1.500 1.900 34.50 1.00 -1.500 -2.500 1.900 34.50 2.00 -1.500 -2.500 2.700 34.50 2.00 -1.000 -0.000 -0.000
q 2 -1.500 -1.500 2.700 34.50 1.00 -1.500 -1.500 1.900 34.50 1.00 -1.500 -2.500 1.900 34.50 2.00 -1.500 -2.500 2.700 34.50 2.00 -1.000 -0.000 -0.000
q 0 -1.500 -4.500 2.700 34.50 4.00 -1.500 -4.500 1.900 34.50 4.00 -1.500 -5.500 1.900 34.50 5.00 -1.500 -5.500 2.700 34.50 5.00 -1.000 -0.000 -0.000
q 2 -1.500 -4.500 2.700 34.50 4.00 -1.500 -4.500 1.900 34.50 4.00 -1.500 -5.500 1.900 34.50 5.00 -1.500 -5.500 2.700 34.50 5.00 -1.000 -0.000 -0.000
q 0 -0.500 -0.500 2.700 35.50 0.00 -0.500 -0.500 1.900 35.50 0.00 -0.500 -1.500 1.900 35.50 1.00 -0.500 -1.500 2.700 35.50 1.00 -1.000 -0.000 -0.000
q 2 -0.500 -0.500 2.700 35.50 0.00 -0.500 -0.500 1.900 35.50 0.00 -0.500 -1.500 1.900 35.50 1.00 -0.500 -1.500 2.700 35.50 1.00 -1.000 -0.000 -0.000
q 0 -0.500 -3.500 2.700 35.50 3.00 -0.500 -3.500 1.900 35.50 3.00 -0.500 -4.500 1.900 35.50 4.00 -0.500 -4.500 2.700 35.50 4.00 -1.000 -0.000 -0.000
q 2 -0.500 -3.500 2.700 35.50 3.00 -0.500 -3.500 1.900 35.50 3.00 -0.500 -4.500 1.900 35.50 4.00 -0.500 -4.500 2.700 35.50 4.00 -1.000 -0.000 -0.000
q 0 0.500 -0.500 2.700 35.50 0.00 0.500 -1.500 2.700 35.50 1.00 0.500 -1.500 1.900 35.50 1.00 0.500 -0.500 1.900 35.50 0.00 1.000 0.000 0.000
q 2 0.500 -0.500 2.700 35.50 0.00 0.500 -1.500 2.700 35.50 1.00 0.500 -1.500 1.900 35.50 1.00 0.500 -0.500 1.900 35.50 0.00 1.000 0.000 0.000
q 0 0.500 -3.500 2.700 35.50 3.00 0.500 -4.500 2.700 35.50 4.00 0.500 -4.500 1.900 35.50 4.00 0.500 -3.500 1.900 35.50 3.00 1.000 0.000 0.000
q 2 0.500 -3.500 2.700 35.50 3.00 0.500 -4.500 2.700 35.50 4.00 0.500 -4.500 1.900 35.50 4.00 0.500 -3.500 1.900 35.50 3.00 1.000 0.000 0.000
q 0 1.500 -1.500 2.700 36.50 1.00 1.500 -2.500 2.700 36.50 2.00 1.500 -2.500 1.900 36.50 2.00 1.500 -1.500 1.900 36.50 1.00 1.000 0.000 0.000
q 2 1.500 -1.500 2.700 36.50 1.00 1.500 -2.500 2.700 36.50 2.00 1.500 -2.500 1.900 36.50 2.00 1.500 -1.500 1.900 36.50 1.00 1.000 0.000 0.000
q 0 1.500 -4.500 2.700 36.50 4.00 1.500 -5.500 2.700 36.50 5.00 1.500 -5.500 1.900 36.50 5.00 1.500 -4.500 1.900 36.50 4.00 1.000 0.000 0.000
q 2 1.500 -4.500 2.700 36.50 4.00 1.500 -5.500 2.700 36.50 5.00 1.500 -5.500 1.900 36.50 5.00 1.500 -4.500 1.900 36.50 4.00 1.000 0.000 0.000
q 0 2.500 -2.500 2.700 37.50 2.00 2.500 -3.500 2.700 37.50 3.00 2.500 -3.500 1.900 37.50 3.00 2.500 -2.500 1.900 37.50 2.00 1.000 0.000 0.000
q 2 2.500 -2.500 2.700 37.50 2.00 2.500 -3.500 2.700 37.50 3.00 2.500 -3.500 1.900 37.50 3.00 2.500 -2.500 1.900 37.50 2.00 1.000 0.000 0.000
q 0 -2.500 -5.500 -1.900 45.00 5.00 2.500 -5.500 -1.900 50.00 5.00 2.500 -0.500 -1.900 50.00 0.00 -2.500 -0.500 -1.900 45.00 0.00 0.000 -0.000 1.000
q 2 -2.500 -5.500 -1.900 45.00 5.00 2.500 -5.500 -1.900 50.00 5.00 2.500 -0.500 -1.900 50.00 0.00 -2.500 -0.500 -1.900 45.00 0.00 0.000 -0.000 1.000
q 0 -2.500 -5.500 -2.700 56.00 5.00 -2.500 -0.500 -2.700 56.00 0.00 2.500 -0.500 -2.700 51.00 0.00 2.500 -5.500 -2.700 51.00 5.00 -0.000 0.000 -1.000
q 2 -2.500 -5.500 -2.700 56.00 5.00 -2.500 -0.500 -2.700 56.00 0.00 2.500 -0.500 -2.700 51.00 0.00 2.500 -5.500 -2.700 51.00 5.00 -0.000 0.000 -1.000
q 0 -0.500 -0.500 -1.900 47.00 0.50 0.500 -0.500 -1.900 48.00 0.50 0.500 -0.500 -2.700 48.00 0.50 -0.500 -0.500 -2.700 47.00 0.50 0.000 1.000 0.000
q 2 -0.500 -0.500 -1.900 47.00 0.50 0.500 -0.500 -1.900 48.00 0.50 0.500 -0.500 -2.700 48.00 0.50 -0.500 -0.500 -2.700 47.00 0.50 0.000 1.000 0.000
q 0 -1.500 -1.500 -1.900 46.00 1.50 -0.500 -1.500 -1.900 47.00 1.50 -0.500 -1.500 -2.700 47.00 1.50 -1.500 -1.500 -2.700 46.00 1.50 0.000 1.000 0.000
q 2 -1.500 -1.500 -1.900 46.00 1.50 -0.500 -1.500 -1.900 47.00 1.50 -0.500 -1.500 -2.700 47.00 1.50 -1.500 -1.500 -2.700 46.00 1.50 0.000 1.000 0.000
q 0 0.500 -1.500 -1.900 48.00 1.50 1.500 -1.500 -1.900 49.00 1.50 1.500 -1.500 -2.700 49.00 1.50 0.500 -1.500 -2.700 48.00 1.50 0.000 1.000 0.000
q 2 0.500 -1.500 -1.900 48.00 1.50 1.500 -1.500 -1.900 49.00 1.50 1.500 -1.500 -2.700 49.00 1.50 0.500 -1.500 -2.700 48.00 1.50 0.000 1.000 0.000
q 0 -2.500 -2.500 -1.900 45.00 2.50 -1.500 -2.500 -1.900 46.00 2.50 -1.500 -2.500 -2.700 46.00 2.50 -2.500 -2.500 -2.700 45.00 2.50 0.000 1.000 0.000
q 2 -2.500 -2.500 -1.900 45.00 2.50 -1.500 -2.500 -1.900 46.00 2.50 -1.500 -2.500 -2.700 46.00 2.50 -2.500 -2.500 -2.700 45.00 2.50 0.000 1.000 0.000
q 0 1.500 -2.500 -1.900 49.00 2.50 2.500 -2.500 -1.900 50.00 2.50 2.500 -2.500 -2.700 50.00 2.50 1.500 -2.500 -2.700 49.00 2.50 0.000 1.000 0.000
q 2 1.500 -2.500 -1.900 49.00 2.50 2.500 -2.500 -1.900 50.00 2.50 2.500 -2.500 -2.700 50.00 2.50 1.500 -2.500 -2.700 49.00 2.50 0.000 1.000 0.000
q 0 -2.500 -3.500 -1.900 45.00 2.50 -2.500 -3.500 -2.700 45.00 2.50 -0.500 -3.500 -2.700 47.00 2.50 -0.500 -3.500 -1.900 47.00 2.50 -0.000 -1.000 -0.000
q 2 -2.500 -3.500 -1.900 45.00 2.50 -2.500 -3.500 -2.700 45.00 2.50 -0.500 -3.500 -2.700 47.00 2.50 -0.500 -3.500 -1.900 47.00 2.50 -0.000 -1.000 -0.000
q 0 0.500 -3.500 -1.900 48.00 2.50 0.500 -3.500 -2.700 48.00 2.50 2.500 -3.500 -2.700 50.00 2.50 2.500 -3.500 -1.900 50.00 2.50 -0.000 -1.000 -0.000
q 2 0.500 -3.500 -1.900 48.00 2.50 0.500 -3.500 -2.700 48.00 2.50 2.500 -3.500 -2.700 50.00 2.50 2.500 -3.500 -1.900 50.00 2.50 -0.000 -1.000 -0.000
q 0 -1.500 -4.500 -1.900 46.00 4.50 -0.500 -4.500 -1.900 47.00 4.50 -0.500 -4.500 -2.700 47.00 4.50 -1.500 -4.500 -2.700 46.00 4.50 0.000 1.000 0.000
q 2 -1.500 -4.500 -1.900 46.00 4.50 -0.500 -4.500 -1.900 47.00 4.50 -0.500 -4.500 -2.700 47.00 4.50 -1.500 -4.500 -2.700 46.00 4.50 0.000 1.000 0.000
q 0 0.500 -4.500 -1.900 48.00 4.50 1.500 -4.500 -1.900 49.00 4.50 1.500 -4.500 -2.700 49.00 4.50 0.500 -4.500 -2.700 48.00 4.50 0.000 1.000 0.000
q 2 0.500 -4.500 -1.900 48.00 4.50 1.500 -4.500 -1.900 49.00 4.50 1.500 -4.500 -2.700 49.00 4.50 0.500 -4.500 -2.700 48.00 4.50 0.000 1.000 0.000
q 0 -1.500 -5.500 -1.900 46.00 4.50 -1.500 -5.500 -2.700 46.00 4.50 1.500 -5.500 -2.700 49.00 4.50 1.500 -5.500 -1.900 49.00 4.50 -0.000 -1.000 -0.000
q 2 -1.500 -5.500 -1.900 46.00 4.50 -1.500 -5.500 -2.700 46.00 4.50 1.500 -5.500 -2.700 49.00 4.50 1.500 -5.500 -1.900 49.00 4.50 -0.000 -1.000 -0.000
q 0 -2.500 -2.500 -1.900 45.50 2.00 -2.500 -2.500 -2.700 45.50 2.00 -2.500 -3.500 -2.700 45.50 3.00 -2.500 -3.500 -1.900 45.50 3.00 -1.000 -0.000 -0.000
q 2 -2.500 -2.500 -1.900 45.50 2.00 -2.500 -2.500 -2.700 45.50 2.00 -2.500 -3.500 -2.700 45.50 3.00 -2.500 -3.500 -1.900 45.50 3.00 -1.000 -0.000 -0.000
q 0 -1.500 -1.500 -1.900 46.50 1.00 -1.500 -1.500 -2.700 46.50 1.00 -1.500 -2.500 -2.700 46.50 2.00 -1.500 -2.500 -1.900 46.50 2.00 -1.000 -0.000 -0.000
q 2 -1.500 -1.500 -1.900 46.50 1.00 -1.500 -1.500 -2.700 46.50 1.00 -1.500 -2.500 -2.700 46.50 2.00 -1.500 -2.500 -1.900 46.50 2.00 -1.000 -0.000 -0.000
q 0 -1.500 -4.500 -1.900 46.50 4.00 -1.500 -4.500 -2.700 46.50 4.00 -1.500 -5.500 -2.700 46.50 5.00 -1.500 -5.500 -1.900 46.50 5.00 -1.000 -0.000 -0.000
q 2 -1.500 -4.500 -1.900 46.50 4.00 -1.500 -4.500 -2.700 46.50 4.00 -1.500 -5.500 -2.700 46.50 5.00 -1.500 -5.500 -1.900 46.50 5.00 -1.000 -0.000 -0.000
q 0 -0.500 -0.500 -1.900 47.50 0.00 -0.500 -0.500 -2.700 47.50 0.00 -0.500 -1.500 -2.700 47.50 1.00 -0.500 -1.500 -1.900 47.50 1.00 -1.000 -0.000 -0.000
q 2 -0.500 -0.500 -1.900 47.50 0.00 -0.500 -0.500 -2.700 47.50 0.00 -0.500 -1.500 -2.700 47.50 1.00 -0.500 -1.500 -1.900 47.50 1.00 -1.000 -0.000 -0.000
q 0 -0.500 -3.500 -1.900 47.50 3.00 -0.500 -3.500 -2.700 47.50 3.00 -0.500 -4.500 -2.700 47.50 4.00 -0.500 -4.500 -1.900 47.50 4.00 -1.000 -0.000 -0.000
q 2 -0.500 -3.500 -1.900 47.50 3.00 -0.500 -3.500 -2.700 47.50 3.00 -0.500 -4.500 -2.700 47.50 4.00 -0.500 -4.500 -1.900 47.50 4.00 -1.000 -0.000 -0.000
q 0 0.500 -0.500 -1.900 47.50 0.00 0.500 -1.500 -1.900 47.50 1.00 0.500 -1.500 -2.700 47.50 1.00 0.500 -0.500 -2.700 47.50 0.00 1.000 0.000 0.000
q 2 0.500 -0.500 -1.900 47.50 0.00 0.500 -1.500 -1.900 47.50 1.00 0.500 -1.500 -2.700 47.50 1.00 0.500 -0.500 -2.700 47.50 0.00 1.000 0.000 0.000
q 0 0.500 -3.500 -1.900 47.50 3.00 0.500 -4.500 -1.900 47.50 4.00 0.500 -4.500 -2.700 47.50 4.00 0.500 -3.500 -2.700 47.50 3.00 1.000 0.000 0.000
q 2 0.500 -3.500 -1.900 47.50 3.00 0.500 -4.500 -1.900 47.50 4.00 0.500 -4.500 -2.700 47.50 4.00 0.500 -3.500 -2.700 47.50 3.00 1.000 0.000 0.000
q 0 1.500 -1.500 -1.900 48.50 1.00 1.500 -2.500 -1.900 48.50 2.00 1.500 -2.500 -2.700 48.50 2.00 1.500 -1.500 -2.700 48.50 1.00 1.000 0.000 0.000
q 2 1.500 -1.500 -1.900 48.50 1.00 1.500 -2.500 -1.900 48.50 2.00 1.500 -2.500 -2.700 48.50 2.00 1.500 -1.500 -2.700 48.50 1.00 1.000 0.000 0.000
q 0 1.500 -4.500 -1.900 48.50 4.00 1.500 -5.500 -1.900 48.50 5.00 1.500 -5.500 -2.700 48.50 5.00 1.500 -4.500 -2.700 48.50 4.00 1.000 0.000 0.000
q 2 1.500 -4.500 -1.900 48.50 4.00 1.500 -5.500 -1.900 48.50 5.00 1.500 -5.500 -2.700 48.50 5.00 1.500 -4.500 -2.700 48.50 4.00 1.000 0.000 0.000
q 0 2.500 -2.500 -1.900 49.50 2.00 2.500 -3.500 -1.900 49.50 3.00 2.500 -3.500 -2.700 49.50 3.00 2.500 -2.500 -2.700 49.50 2.00 1.000 0.000 0.000
q 2 2.500 -2.500 -1.900 49.50 2.00 2.500 -3.500 -1.900 49.50 3.00 2.500 -3.500 -2.700 49.50 3.00 2.500 -2.500 -2.700 49.50 2.00 1.000 0.000 0.000
