# generated by tools/gen_weapon_models.py (elsdocia)
place 0.49922 0.02924 88.763 0.013668 -16.300
glow 91E8FF 0.07 0.4 1.0
q 0 -3.800 0.000 0.450 4.20 48.00 0.000 0.000 1.700 8.00 48.00 0.000 4.000 1.700 8.00 44.00 -5.200 4.000 0.450 2.80 44.00 -0.267 -0.047 0.962
q 0 0.000 0.000 1.700 8.00 48.00 3.800 0.000 0.450 11.80 48.00 5.200 4.000 0.450 13.20 44.00 0.000 4.000 1.700 8.00 44.00 0.267 -0.047 0.962
q 0 -3.800 0.000 -0.450 28.80 48.00 -5.200 4.000 -0.450 30.20 44.00 0.000 4.000 -1.700 25.00 44.00 0.000 0.000 -1.700 25.00 48.00 -0.267 -0.047 -0.962
q 0 0.000 0.000 -1.700 25.00 48.00 0.000 4.000 -1.700 25.00 44.00 5.200 4.000 -0.450 19.80 44.00 3.800 0.000 -0.450 21.20 48.00 0.267 -0.047 -0.962
q 0 -3.800 0.000 0.450 36.00 48.00 -5.200 4.000 0.450 36.00 44.00 -5.200 4.000 -0.450 34.00 44.00 -3.800 0.000 -0.450 34.00 48.00 -0.944 -0.330 -0.000
q 0 3.800 0.000 0.450 36.00 48.00 3.800 0.000 -0.450 34.00 48.00 5.200 4.000 -0.450 34.00 44.00 5.200 4.000 0.450 36.00 44.00 0.944 -0.330 0.000
q 0 -5.200 4.000 0.450 2.80 44.00 0.000 4.000 1.700 8.00 44.00 0.000 10.000 1.700 8.00 38.00 -6.400 10.000 0.450 1.60 38.00 -0.211 -0.021 0.977
q 0 0.000 4.000 1.700 8.00 44.00 5.200 4.000 0.450 13.20 44.00 6.400 10.000 0.450 14.40 38.00 0.000 10.000 1.700 8.00 38.00 0.211 -0.021 0.977
q 0 -5.200 4.000 -0.450 30.20 44.00 -6.400 10.000 -0.450 31.40 38.00 0.000 10.000 -1.700 25.00 38.00 0.000 4.000 -1.700 25.00 44.00 -0.211 -0.021 -0.977
q 0 0.000 4.000 -1.700 25.00 44.00 0.000 10.000 -1.700 25.00 38.00 6.400 10.000 -0.450 18.60 38.00 5.200 4.000 -0.450 19.80 44.00 0.211 -0.021 -0.977
q 0 -5.200 4.000 0.450 36.00 44.00 -6.400 10.000 0.450 36.00 38.00 -6.400 10.000 -0.450 34.00 38.00 -5.200 4.000 -0.450 34.00 44.00 -0.981 -0.196 -0.000
q 0 5.200 4.000 0.450 36.00 44.00 5.200 4.000 -0.450 34.00 44.00 6.400 10.000 -0.450 34.00 38.00 6.400 10.000 0.450 36.00 38.00 0.981 -0.196 0.000
q 0 -6.400 10.000 0.450 1.60 38.00 0.000 10.000 1.700 8.00 38.00 0.000 20.000 1.700 8.00 28.00 -6.800 20.000 0.450 1.20 28.00 -0.186 -0.004 0.983
q 2 -6.400 10.000 0.450 1.60 38.00 0.000 10.000 1.700 8.00 38.00 0.000 20.000 1.700 8.00 28.00 -6.800 20.000 0.450 1.20 28.00 -0.186 -0.004 0.983
q 0 0.000 10.000 1.700 8.00 38.00 6.400 10.000 0.450 14.40 38.00 6.800 20.000 0.450 14.80 28.00 0.000 20.000 1.700 8.00 28.00 0.186 -0.004 0.983
q 2 0.000 10.000 1.700 8.00 38.00 6.400 10.000 0.450 14.40 38.00 6.800 20.000 0.450 14.80 28.00 0.000 20.000 1.700 8.00 28.00 0.186 -0.004 0.983
q 0 -6.400 10.000 -0.450 31.40 38.00 -6.800 20.000 -0.450 31.80 28.00 0.000 20.000 -1.700 25.00 28.00 0.000 10.000 -1.700 25.00 38.00 -0.186 -0.004 -0.983
q 2 -6.400 10.000 -0.450 31.40 38.00 -6.800 20.000 -0.450 31.80 28.00 0.000 20.000 -1.700 25.00 28.00 0.000 10.000 -1.700 25.00 38.00 -0.186 -0.004 -0.983
q 0 0.000 10.000 -1.700 25.00 38.00 0.000 20.000 -1.700 25.00 28.00 6.800 20.000 -0.450 18.20 28.00 6.400 10.000 -0.450 18.60 38.00 0.186 -0.004 -0.983
q 2 0.000 10.000 -1.700 25.00 38.00 0.000 20.000 -1.700 25.00 28.00 6.800 20.000 -0.450 18.20 28.00 6.400 10.000 -0.450 18.60 38.00 0.186 -0.004 -0.983
q 0 -6.400 10.000 0.450 36.00 38.00 -6.800 20.000 0.450 36.00 28.00 -6.800 20.000 -0.450 34.00 28.00 -6.400 10.000 -0.450 34.00 38.00 -0.999 -0.040 -0.000
q 0 6.400 10.000 0.450 36.00 38.00 6.400 10.000 -0.450 34.00 38.00 6.800 20.000 -0.450 34.00 28.00 6.800 20.000 0.450 36.00 28.00 0.999 -0.040 0.000
q 0 -6.800 20.000 0.450 1.20 28.00 0.000 20.000 1.700 8.00 28.00 0.000 30.000 1.700 8.00 18.00 -5.800 30.000 0.450 2.20 18.00 -0.195 0.010 0.981
q 2 -6.800 20.000 0.450 1.20 28.00 0.000 20.000 1.700 8.00 28.00 0.000 30.000 1.700 8.00 18.00 -5.800 30.000 0.450 2.20 18.00 -0.195 0.010 0.981
q 0 0.000 20.000 1.700 8.00 28.00 6.800 20.000 0.450 14.80 28.00 5.800 30.000 0.450 13.80 18.00 0.000 30.000 1.700 8.00 18.00 0.195 0.010 0.981
q 2 0.000 20.000 1.700 8.00 28.00 6.800 20.000 0.450 14.80 28.00 5.800 30.000 0.450 13.80 18.00 0.000 30.000 1.700 8.00 18.00 0.195 0.010 0.981
q 0 -6.800 20.000 -0.450 31.80 28.00 -5.800 30.000 -0.450 30.80 18.00 0.000 30.000 -1.700 25.00 18.00 0.000 20.000 -1.700 25.00 28.00 -0.195 0.010 -0.981
q 2 -6.800 20.000 -0.450 31.80 28.00 -5.800 30.000 -0.450 30.80 18.00 0.000 30.000 -1.700 25.00 18.00 0.000 20.000 -1.700 25.00 28.00 -0.195 0.010 -0.981
q 0 0.000 20.000 -1.700 25.00 28.00 0.000 30.000 -1.700 25.00 18.00 5.800 30.000 -0.450 19.20 18.00 6.800 20.000 -0.450 18.20 28.00 0.195 0.010 -0.981
q 2 0.000 20.000 -1.700 25.00 28.00 0.000 30.000 -1.700 25.00 18.00 5.800 30.000 -0.450 19.20 18.00 6.800 20.000 -0.450 18.20 28.00 0.195 0.010 -0.981
q 0 -6.800 20.000 0.450 36.00 28.00 -5.800 30.000 0.450 36.00 18.00 -5.800 30.000 -0.450 34.00 18.00 -6.800 20.000 -0.450 34.00 28.00 -0.995 0.100 -0.000
q 0 6.800 20.000 0.450 36.00 28.00 6.800 20.000 -0.450 34.00 28.00 5.800 30.000 -0.450 34.00 18.00 5.800 30.000 0.450 36.00 18.00 0.995 0.100 0.000
q 0 -5.800 30.000 0.450 2.20 18.00 0.000 30.000 1.700 8.00 18.00 0.000 39.000 1.700 8.00 9.00 -3.800 39.000 0.450 4.20 9.00 -0.252 0.028 0.967
q 2 -5.800 30.000 0.450 2.20 18.00 0.000 30.000 1.700 8.00 18.00 0.000 39.000 1.700 8.00 9.00 -3.800 39.000 0.450 4.20 9.00 -0.252 0.028 0.967
q 0 0.000 30.000 1.700 8.00 18.00 5.800 30.000 0.450 13.80 18.00 3.800 39.000 0.450 11.80 9.00 0.000 39.000 1.700 8.00 9.00 0.252 0.028 0.967
q 2 0.000 30.000 1.700 8.00 18.00 5.800 30.000 0.450 13.80 18.00 3.800 39.000 0.450 11.80 9.00 0.000 39.000 1.700 8.00 9.00 0.252 0.028 0.967
q 0 -5.800 30.000 -0.450 30.80 18.00 -3.800 39.000 -0.450 28.80 9.00 0.000 39.000 -1.700 25.00 9.00 0.000 30.000 -1.700 25.00 18.00 -0.252 0.028 -0.967
q 2 -5.800 30.000 -0.450 30.80 18.00 -3.800 39.000 -0.450 28.80 9.00 0.000 39.000 -1.700 25.00 9.00 0.000 30.000 -1.700 25.00 18.00 -0.252 0.028 -0.967
q 0 0.000 30.000 -1.700 25.00 18.00 0.000 39.000 -1.700 25.00 9.00 3.800 39.000 -0.450 21.20 9.00 5.800 30.000 -0.450 19.20 18.00 0.252 0.028 -0.967
q 2 0.000 30.000 -1.700 25.00 18.00 0.000 39.000 -1.700 25.00 9.00 3.800 39.000 -0.450 21.20 9.00 5.800 30.000 -0.450 19.20 18.00 0.252 0.028 -0.967
q 0 -5.800 30.000 0.450 36.00 18.00 -3.800 39.000 0.450 36.00 9.00 -3.800 39.000 -0.450 34.00 9.00 -5.800 30.000 -0.450 34.00 18.00 -0.976 0.217 -0.000
q 0 5.800 30.000 0.450 36.00 18.00 5.800 30.000 -0.450 34.00 18.00 3.800 39.000 -0.450 34.00 9.00 3.800 39.000 0.450 36.00 9.00 0.976 0.217 0.000
q 0 -3.800 39.000 0.450 4.20 9.00 0.000 39.000 1.700 8.00 9.00 0.000 46.000 1.700 8.00 2.00 -1.200 46.000 0.450 6.80 2.00 -0.446 0.083 0.891
q 2 -3.800 39.000 0.450 4.20 9.00 0.000 39.000 1.700 8.00 9.00 0.000 46.000 1.700 8.00 2.00 -1.200 46.000 0.450 6.80 2.00 -0.446 0.083 0.891
q 0 0.000 39.000 1.700 8.00 9.00 3.800 39.000 0.450 11.80 9.00 1.200 46.000 0.450 9.20 2.00 0.000 46.000 1.700 8.00 2.00 0.446 0.083 0.891
q 2 0.000 39.000 1.700 8.00 9.00 3.800 39.000 0.450 11.80 9.00 1.200 46.000 0.450 9.20 2.00 0.000 46.000 1.700 8.00 2.00 0.446 0.083 0.891
q 0 -3.800 39.000 -0.450 28.80 9.00 -1.200 46.000 -0.450 26.20 2.00 0.000 46.000 -1.700 25.00 2.00 0.000 39.000 -1.700 25.00 9.00 -0.446 0.083 -0.891
q 2 -3.800 39.000 -0.450 28.80 9.00 -1.200 46.000 -0.450 26.20 2.00 0.000 46.000 -1.700 25.00 2.00 0.000 39.000 -1.700 25.00 9.00 -0.446 0.083 -0.891
q 0 0.000 39.000 -1.700 25.00 9.00 0.000 46.000 -1.700 25.00 2.00 1.200 46.000 -0.450 23.80 2.00 3.800 39.000 -0.450 21.20 9.00 0.446 0.083 -0.891
q 2 0.000 39.000 -1.700 25.00 9.00 0.000 46.000 -1.700 25.00 2.00 1.200 46.000 -0.450 23.80 2.00 3.800 39.000 -0.450 21.20 9.00 0.446 0.083 -0.891
q 0 -3.800 39.000 0.450 36.00 9.00 -1.200 46.000 0.450 36.00 2.00 -1.200 46.000 -0.450 34.00 2.00 -3.800 39.000 -0.450 34.00 9.00 -0.937 0.348 -0.000
q 0 3.800 39.000 0.450 36.00 9.00 3.800 39.000 -0.450 34.00 9.00 1.200 46.000 -0.450 34.00 2.00 1.200 46.000 0.450 36.00 2.00 0.937 0.348 0.000
q 0 -1.200 46.000 0.450 6.80 2.00 0.000 46.000 1.700 8.00 2.00 0.000 48.000 1.700 8.00 0.00 0.000 48.000 0.450 8.00 0.00 -0.870 0.261 0.418
q 2 -1.200 46.000 0.450 6.80 2.00 0.000 46.000 1.700 8.00 2.00 0.000 48.000 1.700 8.00 0.00 0.000 48.000 0.450 8.00 0.00 -0.870 0.261 0.418
q 0 0.000 46.000 1.700 8.00 2.00 1.200 46.000 0.450 9.20 2.00 0.000 48.000 0.450 8.00 0.00 0.000 48.000 1.700 8.00 0.00 0.870 0.261 0.418
q 2 0.000 46.000 1.700 8.00 2.00 1.200 46.000 0.450 9.20 2.00 0.000 48.000 0.450 8.00 0.00 0.000 48.000 1.700 8.00 0.00 0.870 0.261 0.418
q 0 -1.200 46.000 -0.450 26.20 2.00 0.000 48.000 -0.450 25.00 0.00 0.000 48.000 -1.700 25.00 0.00 0.000 46.000 -1.700 25.00 2.00 -0.870 0.261 -0.418
q 2 -1.200 46.000 -0.450 26.20 2.00 0.000 48.000 -0.450 25.00 0.00 0.000 48.000 -1.700 25.00 0.00 0.000 46.000 -1.700 25.00 2.00 -0.870 0.261 -0.418
q 0 0.000 46.000 -1.700 25.00 2.00 0.000 48.000 -1.700 25.00 0.00 0.000 48.000 -0.450 25.00 0.00 1.200 46.000 -0.450 23.80 2.00 0.870 0.261 -0.418
q 2 0.000 46.000 -1.700 25.00 2.00 0.000 48.000 -1.700 25.00 0.00 0.000 48.000 -0.450 25.00 0.00 1.200 46.000 -0.450 23.80 2.00 0.870 0.261 -0.418
q 0 -1.200 46.000 0.450 36.00 2.00 0.000 48.000 0.450 36.00 0.00 0.000 48.000 -0.450 34.00 0.00 -1.200 46.000 -0.450 34.00 2.00 -0.857 0.514 -0.000
q 0 1.200 46.000 0.450 36.00 2.00 1.200 46.000 -0.450 34.00 2.00 0.000 48.000 -0.450 34.00 0.00 0.000 48.000 0.450 36.00 0.00 0.857 0.514 0.000
q 0 -3.800 0.000 0.450 34.00 48.00 -3.800 0.000 -0.450 34.00 48.50 0.000 0.000 -1.700 35.00 48.50 0.000 0.000 1.700 35.00 48.00 -0.000 -1.000 -0.000
q 0 0.000 0.000 1.700 35.00 48.00 0.000 0.000 -1.700 35.00 48.50 3.800 0.000 -0.450 36.00 48.50 3.800 0.000 0.450 36.00 48.00 -0.000 -1.000 -0.000
q 0 -7.200 0.700 1.100 40.00 3.00 7.200 0.700 1.100 55.00 3.00 7.200 0.700 -1.100 55.00 0.00 -7.200 0.700 -1.100 40.00 0.00 0.000 1.000 0.000
q 0 -7.200 -1.500 -1.100 55.00 0.00 7.200 -1.500 -1.100 70.00 0.00 7.200 -1.500 1.100 70.00 3.00 -7.200 -1.500 1.100 55.00 3.00 0.000 -1.000 0.000
q 0 -7.200 -1.500 -1.100 37.00 6.00 -7.200 -1.500 1.100 40.00 6.00 -7.200 0.700 1.100 40.00 3.00 -7.200 0.700 -1.100 37.00 3.00 -1.000 0.000 0.000
q 0 7.200 -1.500 -1.100 40.00 6.00 -7.200 -1.500 -1.100 55.00 6.00 -7.200 0.700 -1.100 55.00 3.00 7.200 0.700 -1.100 40.00 3.00 0.000 0.000 -1.000
q 2 7.200 -1.500 -1.100 40.00 6.00 -7.200 -1.500 -1.100 55.00 6.00 -7.200 0.700 -1.100 55.00 3.00 7.200 0.700 -1.100 40.00 3.00 0.000 0.000 -1.000
q 0 7.200 -1.500 1.100 55.00 6.00 7.200 -1.500 -1.100 58.00 6.00 7.200 0.700 -1.100 58.00 3.00 7.200 0.700 1.100 55.00 3.00 1.000 -0.000 0.000
q 0 -7.200 -1.500 1.100 58.00 6.00 7.200 -1.500 1.100 73.00 6.00 7.200 0.700 1.100 73.00 3.00 -7.200 0.700 1.100 58.00 3.00 0.000 -0.000 1.000
q 2 -7.200 -1.500 1.100 58.00 6.00 7.200 -1.500 1.100 73.00 6.00 7.200 0.700 1.100 73.00 3.00 -7.200 0.700 1.100 58.00 3.00 0.000 -0.000 1.000
q 0 -9.500 1.500 1.250 77.00 3.00 -5.100 1.500 1.250 82.00 3.00 -5.100 1.500 -1.250 82.00 0.00 -9.500 1.500 -1.250 77.00 0.00 0.000 1.000 0.000
q 0 -9.500 -0.800 -1.250 82.00 0.00 -5.100 -0.800 -1.250 87.00 0.00 -5.100 -0.800 1.250 87.00 3.00 -9.500 -0.800 1.250 82.00 3.00 0.000 -1.000 0.000
q 0 -9.500 -0.800 -1.250 74.00 6.00 -9.500 -0.800 1.250 77.00 6.00 -9.500 1.500 1.250 77.00 3.00 -9.500 1.500 -1.250 74.00 3.00 -1.000 0.000 0.000
q 0 -5.100 -0.800 -1.250 77.00 6.00 -9.500 -0.800 -1.250 82.00 6.00 -9.500 1.500 -1.250 82.00 3.00 -5.100 1.500 -1.250 77.00 3.00 0.000 0.000 -1.000
q 2 -5.100 -0.800 -1.250 77.00 6.00 -9.500 -0.800 -1.250 82.00 6.00 -9.500 1.500 -1.250 82.00 3.00 -5.100 1.500 -1.250 77.00 3.00 0.000 0.000 -1.000
q 0 -5.100 -0.800 1.250 82.00 6.00 -5.100 -0.800 -1.250 85.00 6.00 -5.100 1.500 -1.250 85.00 3.00 -5.100 1.500 1.250 82.00 3.00 1.000 -0.000 0.000
q 0 -9.500 -0.800 1.250 85.00 6.00 -5.100 -0.800 1.250 90.00 6.00 -5.100 1.500 1.250 90.00 3.00 -9.500 1.500 1.250 85.00 3.00 0.000 -0.000 1.000
q 2 -9.500 -0.800 1.250 85.00 6.00 -5.100 -0.800 1.250 90.00 6.00 -5.100 1.500 1.250 90.00 3.00 -9.500 1.500 1.250 85.00 3.00 0.000 -0.000 1.000
q 0 5.100 1.500 1.250 94.00 3.00 9.500 1.500 1.250 99.00 3.00 9.500 1.500 -1.250 99.00 0.00 5.100 1.500 -1.250 94.00 0.00 0.000 1.000 0.000
q 0 5.100 -0.800 -1.250 99.00 0.00 9.500 -0.800 -1.250 104.00 0.00 9.500 -0.800 1.250 104.00 3.00 5.100 -0.800 1.250 99.00 3.00 0.000 -1.000 0.000
q 0 5.100 -0.800 -1.250 91.00 6.00 5.100 -0.800 1.250 94.00 6.00 5.100 1.500 1.250 94.00 3.00 5.100 1.500 -1.250 91.00 3.00 -1.000 0.000 0.000
q 0 9.500 -0.800 -1.250 94.00 6.00 5.100 -0.800 -1.250 99.00 6.00 5.100 1.500 -1.250 99.00 3.00 9.500 1.500 -1.250 94.00 3.00 0.000 0.000 -1.000
q 2 9.500 -0.800 -1.250 94.00 6.00 5.100 -0.800 -1.250 99.00 6.00 5.100 1.500 -1.250 99.00 3.00 9.500 1.500 -1.250 94.00 3.00 0.000 0.000 -1.000
q 0 9.500 -0.800 1.250 99.00 6.00 9.500 -0.800 -1.250 102.00 6.00 9.500 1.500 -1.250 102.00 3.00 9.500 1.500 1.250 99.00 3.00 1.000 -0.000 0.000
q 0 5.100 -0.800 1.250 102.00 6.00 9.500 -0.800 1.250 107.00 6.00 9.500 1.500 1.250 107.00 3.00 5.100 1.500 1.250 102.00 3.00 0.000 -0.000 1.000
q 2 5.100 -0.800 1.250 102.00 6.00 9.500 -0.800 1.250 107.00 6.00 9.500 1.500 1.250 107.00 3.00 5.100 1.500 1.250 102.00 3.00 0.000 -0.000 1.000
q 0 -1.650 -1.400 1.350 111.00 3.00 1.650 -1.400 1.350 115.00 3.00 1.650 -1.400 -1.350 115.00 0.00 -1.650 -1.400 -1.350 111.00 0.00 0.000 1.000 0.000
q 0 -1.650 -13.000 -1.350 115.00 0.00 1.650 -13.000 -1.350 119.00 0.00 1.650 -13.000 1.350 119.00 3.00 -1.650 -13.000 1.350 115.00 3.00 0.000 -1.000 0.000
q 0 -1.650 -13.000 -1.350 108.00 15.00 -1.650 -13.000 1.350 111.00 15.00 -1.650 -1.400 1.350 111.00 3.00 -1.650 -1.400 -1.350 108.00 3.00 -1.000 0.000 0.000
q 0 1.650 -13.000 -1.350 111.00 15.00 -1.650 -13.000 -1.350 115.00 15.00 -1.650 -1.400 -1.350 115.00 3.00 1.650 -1.400 -1.350 111.00 3.00 0.000 0.000 -1.000
q 0 1.650 -13.000 1.350 115.00 15.00 1.650 -13.000 -1.350 118.00 15.00 1.650 -1.400 -1.350 118.00 3.00 1.650 -1.400 1.350 115.00 3.00 1.000 -0.000 0.000
q 0 -1.650 -13.000 1.350 118.00 15.00 1.650 -13.000 1.350 122.00 15.00 1.650 -1.400 1.350 122.00 3.00 -1.650 -1.400 1.350 118.00 3.00 0.000 -0.000 1.000
q 0 -2.300 -12.600 2.000 4.00 53.00 2.300 -12.600 2.000 9.00 53.00 2.300 -12.600 -2.000 9.00 49.00 -2.300 -12.600 -2.000 4.00 49.00 0.000 1.000 0.000
q 0 -2.300 -15.200 -2.000 9.00 49.00 2.300 -15.200 -2.000 14.00 49.00 2.300 -15.200 2.000 14.00 53.00 -2.300 -15.200 2.000 9.00 53.00 0.000 -1.000 0.000
q 0 -2.300 -15.200 -2.000 0.00 56.00 -2.300 -15.200 2.000 4.00 56.00 -2.300 -12.600 2.000 4.00 53.00 -2.300 -12.600 -2.000 0.00 53.00 -1.000 0.000 0.000
q 0 2.300 -15.200 -2.000 4.00 56.00 -2.300 -15.200 -2.000 9.00 56.00 -2.300 -12.600 -2.000 9.00 53.00 2.300 -12.600 -2.000 4.00 53.00 0.000 0.000 -1.000
q 2 2.300 -15.200 -2.000 4.00 56.00 -2.300 -15.200 -2.000 9.00 56.00 -2.300 -12.600 -2.000 9.00 53.00 2.300 -12.600 -2.000 4.00 53.00 0.000 0.000 -1.000
q 0 2.300 -15.200 2.000 9.00 56.00 2.300 -15.200 -2.000 13.00 56.00 2.300 -12.600 -2.000 13.00 53.00 2.300 -12.600 2.000 9.00 53.00 1.000 -0.000 0.000
q 0 -2.300 -15.200 2.000 13.00 56.00 2.300 -15.200 2.000 18.00 56.00 2.300 -12.600 2.000 18.00 53.00 -2.300 -12.600 2.000 13.00 53.00 0.000 -0.000 1.000
q 2 -2.300 -15.200 2.000 13.00 56.00 2.300 -15.200 2.000 18.00 56.00 2.300 -12.600 2.000 18.00 53.00 -2.300 -12.600 2.000 13.00 53.00 0.000 -0.000 1.000
q 0 -1.200 -15.200 1.100 22.00 52.00 1.200 -15.200 1.100 25.00 52.00 1.200 -15.200 -1.100 25.00 49.00 -1.200 -15.200 -1.100 22.00 49.00 0.000 1.000 0.000
q 0 -1.200 -16.300 -1.100 25.00 49.00 1.200 -16.300 -1.100 28.00 49.00 1.200 -16.300 1.100 28.00 52.00 -1.200 -16.300 1.100 25.00 52.00 0.000 -1.000 0.000
q 0 -1.200 -16.300 -1.100 19.00 54.00 -1.200 -16.300 1.100 22.00 54.00 -1.200 -15.200 1.100 22.00 52.00 -1.200 -15.200 -1.100 19.00 52.00 -1.000 0.000 0.000
q 0 1.200 -16.300 -1.100 22.00 54.00 -1.200 -16.300 -1.100 25.00 54.00 -1.200 -15.200 -1.100 25.00 52.00 1.200 -15.200 -1.100 22.00 52.00 0.000 0.000 -1.000
q 0 1.200 -16.300 1.100 25.00 54.00 1.200 -16.300 -1.100 28.00 54.00 1.200 -15.200 -1.100 28.00 52.00 1.200 -15.200 1.100 25.00 52.00 1.000 -0.000 0.000
q 0 -1.200 -16.300 1.100 28.00 54.00 1.200 -16.300 1.100 31.00 54.00 1.200 -15.200 1.100 31.00 52.00 -1.200 -15.200 1.100 28.00 52.00 0.000 -0.000 1.000
q 0 -5.500 3.500 2.500 32.00 56.00 5.500 3.500 2.500 43.00 56.00 5.500 10.500 2.500 43.00 49.00 -5.500 10.500 2.500 32.00 49.00 0.000 -0.000 1.000
q 2 -5.500 3.500 2.500 32.00 56.00 5.500 3.500 2.500 43.00 56.00 5.500 10.500 2.500 43.00 49.00 -5.500 10.500 2.500 32.00 49.00 0.000 -0.000 1.000
q 0 -5.500 3.500 1.800 55.00 56.00 -5.500 10.500 1.800 55.00 49.00 5.500 10.500 1.800 44.00 49.00 5.500 3.500 1.800 44.00 56.00 -0.000 0.000 -1.000
q 2 -5.500 3.500 1.800 55.00 56.00 -5.500 10.500 1.800 55.00 49.00 5.500 10.500 1.800 44.00 49.00 5.500 3.500 1.800 44.00 56.00 -0.000 0.000 -1.000
q 0 -3.500 10.500 2.500 34.00 49.50 -1.500 10.500 2.500 36.00 49.50 -1.500 10.500 1.800 36.00 49.50 -3.500 10.500 1.800 34.00 49.50 0.000 1.000 0.000
q 2 -3.500 10.500 2.500 34.00 49.50 -1.500 10.500 2.500 36.00 49.50 -1.500 10.500 1.800 36.00 49.50 -3.500 10.500 1.800 34.00 49.50 0.000 1.000 0.000
q 0 1.500 10.500 2.500 39.00 49.50 3.500 10.500 2.500 41.00 49.50 3.500 10.500 1.800 41.00 49.50 1.500 10.500 1.800 39.00 49.50 0.000 1.000 0.000
q 2 1.500 10.500 2.500 39.00 49.50 3.500 10.500 2.500 41.00 49.50 3.500 10.500 1.800 41.00 49.50 1.500 10.500 1.800 39.00 49.50 0.000 1.000 0.000
q 0 -4.500 9.500 2.500 33.00 50.50 -3.500 9.500 2.500 34.00 50.50 -3.500 9.500 1.800 34.00 50.50 -4.500 9.500 1.800 33.00 50.50 0.000 1.000 0.000
q 2 -4.500 9.500 2.500 33.00 50.50 -3.500 9.500 2.500 34.00 50.50 -3.500 9.500 1.800 34.00 50.50 -4.500 9.500 1.800 33.00 50.50 0.000 1.000 0.000
q 0 -1.500 9.500 2.500 36.00 50.50 -0.500 9.500 2.500 37.00 50.50 -0.500 9.500 1.800 37.00 50.50 -1.500 9.500 1.800 36.00 50.50 0.000 1.000 0.000
q 2 -1.500 9.500 2.500 36.00 50.50 -0.500 9.500 2.500 37.00 50.50 -0.500 9.500 1.800 37.00 50.50 -1.500 9.500 1.800 36.00 50.50 0.000 1.000 0.000
q 0 0.500 9.500 2.500 38.00 50.50 1.500 9.500 2.500 39.00 50.50 1.500 9.500 1.800 39.00 50.50 0.500 9.500 1.800 38.00 50.50 0.000 1.000 0.000
q 2 0.500 9.500 2.500 38.00 50.50 1.500 9.500 2.500 39.00 50.50 1.500 9.500 1.800 39.00 50.50 0.500 9.500 1.800 38.00 50.50 0.000 1.000 0.000
q 0 3.500 9.500 2.500 41.00 50.50 4.500 9.500 2.500 42.00 50.50 4.500 9.500 1.800 42.00 50.50 3.500 9.500 1.800 41.00 50.50 0.000 1.000 0.000
q 2 3.500 9.500 2.500 41.00 50.50 4.500 9.500 2.500 42.00 50.50 4.500 9.500 1.800 42.00 50.50 3.500 9.500 1.800 41.00 50.50 0.000 1.000 0.000
q 0 -5.500 8.500 2.500 32.00 51.50 -4.500 8.500 2.500 33.00 51.50 -4.500 8.500 1.800 33.00 51.50 -5.500 8.500 1.800 32.00 51.50 0.000 1.000 0.000
q 2 -5.500 8.500 2.500 32.00 51.50 -4.500 8.500 2.500 33.00 51.50 -4.500 8.500 1.800 33.00 51.50 -5.500 8.500 1.800 32.00 51.50 0.000 1.000 0.000
q 0 -0.500 8.500 2.500 37.00 51.50 0.500 8.500 2.500 38.00 51.50 0.500 8.500 1.800 38.00 51.50 -0.500 8.500 1.800 37.00 51.50 0.000 1.000 0.000
q 2 -0.500 8.500 2.500 37.00 51.50 0.500 8.500 2.500 38.00 51.50 0.500 8.500 1.800 38.00 51.50 -0.500 8.500 1.800 37.00 51.50 0.000 1.000 0.000
q 0 4.500 8.500 2.500 42.00 51.50 5.500 8.500 2.500 43.00 51.50 5.500 8.500 1.800 43.00 51.50 4.500 8.500 1.800 42.00 51.50 0.000 1.000 0.000
q 2 4.500 8.500 2.500 42.00 51.50 5.500 8.500 2.500 43.00 51.50 5.500 8.500 1.800 43.00 51.50 4.500 8.500 1.800 42.00 51.50 0.000 1.000 0.000
q 0 -5.500 6.500 2.500 32.00 52.50 -5.500 6.500 1.800 32.00 52.50 -4.500 6.500 1.800 33.00 52.50 -4.500 6.500 2.500 33.00 52.50 -0.000 -1.000 -0.000
q 2 -5.500 6.500 2.500 32.00 52.50 -5.500 6.500 1.800 32.00 52.50 -4.500 6.500 1.800 33.00 52.50 -4.500 6.500 2.500 33.00 52.50 -0.000 -1.000 -0.000
q 0 4.500 6.500 2.500 42.00 52.50 4.500 6.500 1.800 42.00 52.50 5.500 6.500 1.800 43.00 52.50 5.500 6.500 2.500 43.00 52.50 -0.000 -1.000 -0.000
q 2 4.500 6.500 2.500 42.00 52.50 4.500 6.500 1.800 42.00 52.50 5.500 6.500 1.800 43.00 52.50 5.500 6.500 2.500 43.00 52.50 -0.000 -1.000 -0.000
q 0 -4.500 5.500 2.500 33.00 53.50 -4.500 5.500 1.800 33.00 53.50 -2.500 5.500 1.800 35.00 53.50 -2.500 5.500 2.500 35.00 53.50 -0.000 -1.000 -0.000
q 2 -4.500 5.500 2.500 33.00 53.50 -4.500 5.500 1.800 33.00 53.50 -2.500 5.500 1.800 35.00 53.50 -2.500 5.500 2.500 35.00 53.50 -0.000 -1.000 -0.000
q 0 2.500 5.500 2.500 40.00 53.50 2.500 5.500 1.800 40.00 53.50 4.500 5.500 1.800 42.00 53.50 4.500 5.500 2.500 42.00 53.50 -0.000 -1.000 -0.000
q 2 2.500 5.500 2.500 40.00 53.50 2.500 5.500 1.800 40.00 53.50 4.500 5.500 1.800 42.00 53.50 4.500 5.500 2.500 42.00 53.50 -0.000 -1.000 -0.000
q 0 -2.500 4.500 2.500 35.00 54.50 -2.500 4.500 1.800 35.00 54.50 -0.500 4.500 1.800 37.00 54.50 -0.500 4.500 2.500 37.00 54.50 -0.000 -1.000 -0.000
q 2 -2.500 4.500 2.500 35.00 54.50 -2.500 4.500 1.800 35.00 54.50 -0.500 4.500 1.800 37.00 54.50 -0.500 4.500 2.500 37.00 54.50 -0.000 -1.000 -0.000
q 0 0.500 4.500 2.500 38.00 54.50 0.500 4.500 1.800 38.00 54.50 2.500 4.500 1.800 40.00 54.50 2.500 4.500 2.500 40.00 54.50 -0.000 -1.000 -0.000
q 2 0.500 4.500 2.500 38.00 54.50 0.500 4.500 1.800 38.00 54.50 2.500 4.500 1.800 40.00 54.50 2.500 4.500 2.500 40.00 54.50 -0.000 -1.000 -0.000
q 0 -0.500 3.500 2.500 37.00 55.50 -0.500 3.500 1.800 37.00 55.50 0.500 3.500 1.800 38.00 55.50 0.500 3.500 2.500 38.00 55.50 -0.000 -1.000 -0.000
q 2 -0.500 3.500 2.500 37.00 55.50 -0.500 3.500 1.800 37.00 55.50 0.500 3.500 1.800 38.00 55.50 0.500 3.500 2.500 38.00 55.50 -0.000 -1.000 -0.000
q 0 -5.500 8.500 2.500 32.50 51.00 -5.500 8.500 1.800 32.50 51.00 -5.500 6.500 1.800 32.50 53.00 -5.500 6.500 2.500 32.50 53.00 -1.000 -0.000 -0.000
q 2 -5.500 8.500 2.500 32.50 51.00 -5.500 8.500 1.800 32.50 51.00 -5.500 6.500 1.800 32.50 53.00 -5.500 6.500 2.500 32.50 53.00 -1.000 -0.000 -0.000
q 0 -4.500 9.500 2.500 33.50 50.00 -4.500 9.500 1.800 33.50 50.00 -4.500 8.500 1.800 33.50 51.00 -4.500 8.500 2.500 33.50 51.00 -1.000 -0.000 -0.000
q 2 -4.500 9.500 2.500 33.50 50.00 -4.500 9.500 1.800 33.50 50.00 -4.500 8.500 1.800 33.50 51.00 -4.500 8.500 2.500 33.50 51.00 -1.000 -0.000 -0.000
q 0 -4.500 6.500 2.500 33.50 53.00 -4.500 6.500 1.800 33.50 53.00 -4.500 5.500 1.800 33.50 54.00 -4.500 5.500 2.500 33.50 54.00 -1.000 -0.000 -0.000
q 2 -4.500 6.500 2.500 33.50 53.00 -4.500 6.500 1.800 33.50 53.00 -4.500 5.500 1.800 33.50 54.00 -4.500 5.500 2.500 33.50 54.00 -1.000 -0.000 -0.000
q 0 -3.500 10.500 2.500 34.50 49.00 -3.500 10.500 1.800 34.50 49.00 -3.500 9.500 1.800 34.50 50.00 -3.500 9.500 2.500 34.50 50.00 -1.000 -0.000 -0.000
q 2 -3.500 10.500 2.500 34.50 49.00 -3.500 10.500 1.800 34.50 49.00 -3.500 9.500 1.800 34.50 50.00 -3.500 9.500 2.500 34.50 50.00 -1.000 -0.000 -0.000
q 0 -2.500 5.500 2.500 35.50 54.00 -2.500 5.500 1.800 35.50 54.00 -2.500 4.500 1.800 35.50 55.00 -2.500 4.500 2.500 35.50 55.00 -1.000 -0.000 -0.000
q 2 -2.500 5.500 2.500 35.50 54.00 -2.500 5.500 1.800 35.50 54.00 -2.500 4.500 1.800 35.50 55.00 -2.500 4.500 2.500 35.50 55.00 -1.000 -0.000 -0.000
q 0 -1.500 10.500 2.500 35.50 49.00 -1.500 9.500 2.500 35.50 50.00 -1.500 9.500 1.800 35.50 50.00 -1.500 10.500 1.800 35.50 49.00 1.000 0.000 0.000
q 2 -1.500 10.500 2.500 35.50 49.00 -1.500 9.500 2.500 35.50 50.00 -1.500 9.500 1.800 35.50 50.00 -1.500 10.500 1.800 35.50 49.00 1.000 0.000 0.000
q 0 -0.500 9.500 2.500 36.50 50.00 -0.500 8.500 2.500 36.50 51.00 -0.500 8.500 1.800 36.50 51.00 -0.500 9.500 1.800 36.50 50.00 1.000 0.000 0.000
q 2 -0.500 9.500 2.500 36.50 50.00 -0.500 8.500 2.500 36.50 51.00 -0.500 8.500 1.800 36.50 51.00 -0.500 9.500 1.800 36.50 50.00 1.000 0.000 0.000
q 0 -0.500 4.500 2.500 37.50 55.00 -0.500 4.500 1.800 37.50 55.00 -0.500 3.500 1.800 37.50 56.00 -0.500 3.500 2.500 37.50 56.00 -1.000 -0.000 -0.000
q 2 -0.500 4.500 2.500 37.50 55.00 -0.500 4.500 1.800 37.50 55.00 -0.500 3.500 1.800 37.50 56.00 -0.500 3.500 2.500 37.50 56.00 -1.000 -0.000 -0.000
q 0 0.500 4.500 2.500 37.50 55.00 0.500 3.500 2.500 37.50 56.00 0.500 3.500 1.800 37.50 56.00 0.500 4.500 1.800 37.50 55.00 1.000 0.000 0.000
q 2 0.500 4.500 2.500 37.50 55.00 0.500 3.500 2.500 37.50 56.00 0.500 3.500 1.800 37.50 56.00 0.500 4.500 1.800 37.50 55.00 1.000 0.000 0.000
q 0 0.500 9.500 2.500 38.50 50.00 0.500 9.500 1.800 38.50 50.00 0.500 8.500 1.800 38.50 51.00 0.500 8.500 2.500 38.50 51.00 -1.000 -0.000 -0.000
q 2 0.500 9.500 2.500 38.50 50.00 0.500 9.500 1.800 38.50 50.00 0.500 8.500 1.800 38.50 51.00 0.500 8.500 2.500 38.50 51.00 -1.000 -0.000 -0.000
q 0 1.500 10.500 2.500 39.50 49.00 1.500 10.500 1.800 39.50 49.00 1.500 9.500 1.800 39.50 50.00 1.500 9.500 2.500 39.50 50.00 -1.000 -0.000 -0.000
q 2 1.500 10.500 2.500 39.50 49.00 1.500 10.500 1.800 39.50 49.00 1.500 9.500 1.800 39.50 50.00 1.500 9.500 2.500 39.50 50.00 -1.000 -0.000 -0.000
q 0 2.500 5.500 2.500 39.50 54.00 2.500 4.500 2.500 39.50 55.00 2.500 4.500 1.800 39.50 55.00 2.500 5.500 1.800 39.50 54.00 1.000 0.000 0.000
q 2 2.500 5.500 2.500 39.50 54.00 2.500 4.500 2.500 39.50 55.00 2.500 4.500 1.800 39.50 55.00 2.500 5.500 1.800 39.50 54.00 1.000 0.000 0.000
q 0 3.500 10.500 2.500 40.50 49.00 3.500 9.500 2.500 40.50 50.00 3.500 9.500 1.800 40.50 50.00 3.500 10.500 1.800 40.50 49.00 1.000 0.000 0.000
q 2 3.500 10.500 2.500 40.50 49.00 3.500 9.500 2.500 40.50 50.00 3.500 9.500 1.800 40.50 50.00 3.500 10.500 1.800 40.50 49.00 1.000 0.000 0.000
q 0 4.500 9.500 2.500 41.50 50.00 4.500 8.500 2.500 41.50 51.00 4.500 8.500 1.800 41.50 51.00 4.500 9.500 1.800 41.50 50.00 1.000 0.000 0.000
q 2 4.500 9.500 2.500 41.50 50.00 4.500 8.500 2.500 41.50 51.00 4.500 8.500 1.800 41.50 51.00 4.500 9.500 1.800 41.50 50.00 1.000 0.000 0.000
q 0 4.500 6.500 2.500 41.50 53.00 4.500 5.500 2.500 41.50 54.00 4.500 5.500 1.800 41.50 54.00 4.500 6.500 1.800 41.50 53.00 1.000 0.000 0.000
q 2 4.500 6.500 2.500 41.50 53.00 4.500 5.500 2.500 41.50 54.00 4.500 5.500 1.800 41.50 54.00 4.500 6.500 1.800 41.50 53.00 1.000 0.000 0.000
q 0 5.500 8.500 2.500 42.50 51.00 5.500 6.500 2.500 42.50 53.00 5.500 6.500 1.800 42.50 53.00 5.500 8.500 1.800 42.50 51.00 1.000 0.000 0.000
q 2 5.500 8.500 2.500 42.50 51.00 5.500 6.500 2.500 42.50 53.00 5.500 6.500 1.800 42.50 53.00 5.500 8.500 1.800 42.50 51.00 1.000 0.000 0.000
q 0 -5.500 3.500 -1.800 56.00 56.00 5.500 3.500 -1.800 67.00 56.00 5.500 10.500 -1.800 67.00 49.00 -5.500 10.500 -1.800 56.00 49.00 0.000 -0.000 1.000
q 2 -5.500 3.500 -1.800 56.00 56.00 5.500 3.500 -1.800 67.00 56.00 5.500 10.500 -1.800 67.00 49.00 -5.500 10.500 -1.800 56.00 49.00 0.000 -0.000 1.000
q 0 -5.500 3.500 -2.500 79.00 56.00 -5.500 10.500 -2.500 79.00 49.00 5.500 10.500 -2.500 68.00 49.00 5.500 3.500 -2.500 68.00 56.00 -0.000 0.000 -1.000
q 2 -5.500 3.500 -2.500 79.00 56.00 -5.500 10.500 -2.500 79.00 49.00 5.500 10.500 -2.500 68.00 49.00 5.500 3.500 -2.500 68.00 56.00 -0.000 0.000 -1.000
q 0 -3.500 10.500 -1.800 58.00 49.50 -1.500 10.500 -1.800 60.00 49.50 -1.500 10.500 -2.500 60.00 49.50 -3.500 10.500 -2.500 58.00 49.50 0.000 1.000 0.000
q 2 -3.500 10.500 -1.800 58.00 49.50 -1.500 10.500 -1.800 60.00 49.50 -1.500 10.500 -2.500 60.00 49.50 -3.500 10.500 -2.500 58.00 49.50 0.000 1.000 0.000
q 0 1.500 10.500 -1.800 63.00 49.50 3.500 10.500 -1.800 65.00 49.50 3.500 10.500 -2.500 65.00 49.50 1.500 10.500 -2.500 63.00 49.50 0.000 1.000 0.000
q 2 1.500 10.500 -1.800 63.00 49.50 3.500 10.500 -1.800 65.00 49.50 3.500 10.500 -2.500 65.00 49.50 1.500 10.500 -2.500 63.00 49.50 0.000 1.000 0.000
q 0 -4.500 9.500 -1.800 57.00 50.50 -3.500 9.500 -1.800 58.00 50.50 -3.500 9.500 -2.500 58.00 50.50 -4.500 9.500 -2.500 57.00 50.50 0.000 1.000 0.000
q 2 -4.500 9.500 -1.800 57.00 50.50 -3.500 9.500 -1.800 58.00 50.50 -3.500 9.500 -2.500 58.00 50.50 -4.500 9.500 -2.500 57.00 50.50 0.000 1.000 0.000
q 0 -1.500 9.500 -1.800 60.00 50.50 -0.500 9.500 -1.800 61.00 50.50 -0.500 9.500 -2.500 61.00 50.50 -1.500 9.500 -2.500 60.00 50.50 0.000 1.000 0.000
q 2 -1.500 9.500 -1.800 60.00 50.50 -0.500 9.500 -1.800 61.00 50.50 -0.500 9.500 -2.500 61.00 50.50 -1.500 9.500 -2.500 60.00 50.50 0.000 1.000 0.000
q 0 0.500 9.500 -1.800 62.00 50.50 1.500 9.500 -1.800 63.00 50.50 1.500 9.500 -2.500 63.00 50.50 0.500 9.500 -2.500 62.00 50.50 0.000 1.000 0.000
q 2 0.500 9.500 -1.800 62.00 50.50 1.500 9.500 -1.800 63.00 50.50 1.500 9.500 -2.500 63.00 50.50 0.500 9.500 -2.500 62.00 50.50 0.000 1.000 0.000
q 0 3.500 9.500 -1.800 65.00 50.50 4.500 9.500 -1.800 66.00 50.50 4.500 9.500 -2.500 66.00 50.50 3.500 9.500 -2.500 65.00 50.50 0.000 1.000 0.000
q 2 3.500 9.500 -1.800 65.00 50.50 4.500 9.500 -1.800 66.00 50.50 4.500 9.500 -2.500 66.00 50.50 3.500 9.500 -2.500 65.00 50.50 0.000 1.000 0.000
q 0 -5.500 8.500 -1.800 56.00 51.50 -4.500 8.500 -1.800 57.00 51.50 -4.500 8.500 -2.500 57.00 51.50 -5.500 8.500 -2.500 56.00 51.50 0.000 1.000 0.000
q 2 -5.500 8.500 -1.800 56.00 51.50 -4.500 8.500 -1.800 57.00 51.50 -4.500 8.500 -2.500 57.00 51.50 -5.500 8.500 -2.500 56.00 51.50 0.000 1.000 0.000
q 0 -0.500 8.500 -1.800 61.00 51.50 0.500 8.500 -1.800 62.00 51.50 0.500 8.500 -2.500 62.00 51.50 -0.500 8.500 -2.500 61.00 51.50 0.000 1.000 0.000
q 2 -0.500 8.500 -1.800 61.00 51.50 0.500 8.500 -1.800 62.00 51.50 0.500 8.500 -2.500 62.00 51.50 -0.500 8.500 -2.500 61.00 51.50 0.000 1.000 0.000
q 0 4.500 8.500 -1.800 66.00 51.50 5.500 8.500 -1.800 67.00 51.50 5.500 8.500 -2.500 67.00 51.50 4.500 8.500 -2.500 66.00 51.50 0.000 1.000 0.000
q 2 4.500 8.500 -1.800 66.00 51.50 5.500 8.500 -1.800 67.00 51.50 5.500 8.500 -2.500 67.00 51.50 4.500 8.500 -2.500 66.00 51.50 0.000 1.000 0.000
q 0 -5.500 6.500 -1.800 56.00 52.50 -5.500 6.500 -2.500 56.00 52.50 -4.500 6.500 -2.500 57.00 52.50 -4.500 6.500 -1.800 57.00 52.50 -0.000 -1.000 -0.000
q 2 -5.500 6.500 -1.800 56.00 52.50 -5.500 6.500 -2.500 56.00 52.50 -4.500 6.500 -2.500 57.00 52.50 -4.500 6.500 -1.800 57.00 52.50 -0.000 -1.000 -0.000
q 0 4.500 6.500 -1.800 66.00 52.50 4.500 6.500 -2.500 66.00 52.50 5.500 6.500 -2.500 67.00 52.50 5.500 6.500 -1.800 67.00 52.50 -0.000 -1.000 -0.000
q 2 4.500 6.500 -1.800 66.00 52.50 4.500 6.500 -2.500 66.00 52.50 5.500 6.500 -2.500 67.00 52.50 5.500 6.500 -1.800 67.00 52.50 -0.000 -1.000 -0.000
q 0 -4.500 5.500 -1.800 57.00 53.50 -4.500 5.500 -2.500 57.00 53.50 -2.500 5.500 -2.500 59.00 53.50 -2.500 5.500 -1.800 59.00 53.50 -0.000 -1.000 -0.000
q 2 -4.500 5.500 -1.800 57.00 53.50 -4.500 5.500 -2.500 57.00 53.50 -2.500 5.500 -2.500 59.00 53.50 -2.500 5.500 -1.800 59.00 53.50 -0.000 -1.000 -0.000
q 0 2.500 5.500 -1.800 64.00 53.50 2.500 5.500 -2.500 64.00 53.50 4.500 5.500 -2.500 66.00 53.50 4.500 5.500 -1.800 66.00 53.50 -0.000 -1.000 -0.000
q 2 2.500 5.500 -1.800 64.00 53.50 2.500 5.500 -2.500 64.00 53.50 4.500 5.500 -2.500 66.00 53.50 4.500 5.500 -1.800 66.00 53.50 -0.000 -1.000 -0.000
q 0 -2.500 4.500 -1.800 59.00 54.50 -2.500 4.500 -2.500 59.00 54.50 -0.500 4.500 -2.500 61.00 54.50 -0.500 4.500 -1.800 61.00 54.50 -0.000 -1.000 -0.000
q 2 -2.500 4.500 -1.800 59.00 54.50 -2.500 4.500 -2.500 59.00 54.50 -0.500 4.500 -2.500 61.00 54.50 -0.500 4.500 -1.800 61.00 54.50 -0.000 -1.000 -0.000
q 0 0.500 4.500 -1.800 62.00 54.50 0.500 4.500 -2.500 62.00 54.50 2.500 4.500 -2.500 64.00 54.50 2.500 4.500 -1.800 64.00 54.50 -0.000 -1.000 -0.000
q 2 0.500 4.500 -1.800 62.00 54.50 0.500 4.500 -2.500 62.00 54.50 2.500 4.500 -2.500 64.00 54.50 2.500 4.500 -1.800 64.00 54.50 -0.000 -1.000 -0.000
q 0 -0.500 3.500 -1.800 61.00 55.50 -0.500 3.500 -2.500 61.00 55.50 0.500 3.500 -2.500 62.00 55.50 0.500 3.500 -1.800 62.00 55.50 -0.000 -1.000 -0.000
q 2 -0.500 3.500 -1.800 61.00 55.50 -0.500 3.500 -2.500 61.00 55.50 0.500 3.500 -2.500 62.00 55.50 0.500 3.500 -1.800 62.00 55.50 -0.000 -1.000 -0.000
q 0 -5.500 8.500 -1.800 56.50 51.00 -5.500 8.500 -2.500 56.50 51.00 -5.500 6.500 -2.500 56.50 53.00 -5.500 6.500 -1.800 56.50 53.00 -1.000 -0.000 -0.000
q 2 -5.500 8.500 -1.800 56.50 51.00 -5.500 8.500 -2.500 56.50 51.00 -5.500 6.500 -2.500 56.50 53.00 -5.500 6.500 -1.800 56.50 53.00 -1.000 -0.000 -0.000
q 0 -4.500 9.500 -1.800 57.50 50.00 -4.500 9.500 -2.500 57.50 50.00 -4.500 8.500 -2.500 57.50 51.00 -4.500 8.500 -1.800 57.50 51.00 -1.000 -0.000 -0.000
q 2 -4.500 9.500 -1.800 57.50 50.00 -4.500 9.500 -2.500 57.50 50.00 -4.500 8.500 -2.500 57.50 51.00 -4.500 8.500 -1.800 57.50 51.00 -1.000 -0.000 -0.000
q 0 -4.500 6.500 -1.800 57.50 53.00 -4.500 6.500 -2.500 57.50 53.00 -4.500 5.500 -2.500 57.50 54.00 -4.500 5.500 -1.800 57.50 54.00 -1.000 -0.000 -0.000
q 2 -4.500 6.500 -1.800 57.50 53.00 -4.500 6.500 -2.500 57.50 53.00 -4.500 5.500 -2.500 57.50 54.00 -4.500 5.500 -1.800 57.50 54.00 -1.000 -0.000 -0.000
q 0 -3.500 10.500 -1.800 58.50 49.00 -3.500 10.500 -2.500 58.50 49.00 -3.500 9.500 -2.500 58.50 50.00 -3.500 9.500 -1.800 58.50 50.00 -1.000 -0.000 -0.000
q 2 -3.500 10.500 -1.800 58.50 49.00 -3.500 10.500 -2.500 58.50 49.00 -3.500 9.500 -2.500 58.50 50.00 -3.500 9.500 -1.800 58.50 50.00 -1.000 -0.000 -0.000
q 0 -2.500 5.500 -1.800 59.50 54.00 -2.500 5.500 -2.500 59.50 54.00 -2.500 4.500 -2.500 59.50 55.00 -2.500 4.500 -1.800 59.50 55.00 -1.000 -0.000 -0.000
q 2 -2.500 5.500 -1.800 59.50 54.00 -2.500 5.500 -2.500 59.50 54.00 -2.500 4.500 -2.500 59.50 55.00 -2.500 4.500 -1.800 59.50 55.00 -1.000 -0.000 -0.000
q 0 -1.500 10.500 -1.800 59.50 49.00 -1.500 9.500 -1.800 59.50 50.00 -1.500 9.500 -2.500 59.50 50.00 -1.500 10.500 -2.500 59.50 49.00 1.000 0.000 0.000
q 2 -1.500 10.500 -1.800 59.50 49.00 -1.500 9.500 -1.800 59.50 50.00 -1.500 9.500 -2.500 59.50 50.00 -1.500 10.500 -2.500 59.50 49.00 1.000 0.000 0.000
q 0 -0.500 9.500 -1.800 60.50 50.00 -0.500 8.500 -1.800 60.50 51.00 -0.500 8.500 -2.500 60.50 51.00 -0.500 9.500 -2.500 60.50 50.00 1.000 0.000 0.000
q 2 -0.500 9.500 -1.800 60.50 50.00 -0.500 8.500 -1.800 60.50 51.00 -0.500 8.500 -2.500 60.50 51.00 -0.500 9.500 -2.500 60.50 50.00 1.000 0.000 0.000
q 0 -0.500 4.500 -1.800 61.50 55.00 -0.500 4.500 -2.500 61.50 55.00 -0.500 3.500 -2.500 61.50 56.00 -0.500 3.500 -1.800 61.50 56.00 -1.000 -0.000 -0.000
q 2 -0.500 4.500 -1.800 61.50 55.00 -0.500 4.500 -2.500 61.50 55.00 -0.500 3.500 -2.500 61.50 56.00 -0.500 3.500 -1.800 61.50 56.00 -1.000 -0.000 -0.000
q 0 0.500 4.500 -1.800 61.50 55.00 0.500 3.500 -1.800 61.50 56.00 0.500 3.500 -2.500 61.50 56.00 0.500 4.500 -2.500 61.50 55.00 1.000 0.000 0.000
q 2 0.500 4.500 -1.800 61.50 55.00 0.500 3.500 -1.800 61.50 56.00 0.500 3.500 -2.500 61.50 56.00 0.500 4.500 -2.500 61.50 55.00 1.000 0.000 0.000
q 0 0.500 9.500 -1.800 62.50 50.00 0.500 9.500 -2.500 62.50 50.00 0.500 8.500 -2.500 62.50 51.00 0.500 8.500 -1.800 62.50 51.00 -1.000 -0.000 -0.000
q 2 0.500 9.500 -1.800 62.50 50.00 0.500 9.500 -2.500 62.50 50.00 0.500 8.500 -2.500 62.50 51.00 0.500 8.500 -1.800 62.50 51.00 -1.000 -0.000 -0.000
q 0 1.500 10.500 -1.800 63.50 49.00 1.500 10.500 -2.500 63.50 49.00 1.500 9.500 -2.500 63.50 50.00 1.500 9.500 -1.800 63.50 50.00 -1.000 -0.000 -0.000
q 2 1.500 10.500 -1.800 63.50 49.00 1.500 10.500 -2.500 63.50 49.00 1.500 9.500 -2.500 63.50 50.00 1.500 9.500 -1.800 63.50 50.00 -1.000 -0.000 -0.000
q 0 2.500 5.500 -1.800 63.50 54.00 2.500 4.500 -1.800 63.50 55.00 2.500 4.500 -2.500 63.50 55.00 2.500 5.500 -2.500 63.50 54.00 1.000 0.000 0.000
q 2 2.500 5.500 -1.800 63.50 54.00 2.500 4.500 -1.800 63.50 55.00 2.500 4.500 -2.500 63.50 55.00 2.500 5.500 -2.500 63.50 54.00 1.000 0.000 0.000
q 0 3.500 10.500 -1.800 64.50 49.00 3.500 9.500 -1.800 64.50 50.00 3.500 9.500 -2.500 64.50 50.00 3.500 10.500 -2.500 64.50 49.00 1.000 0.000 0.000
q 2 3.500 10.500 -1.800 64.50 49.00 3.500 9.500 -1.800 64.50 50.00 3.500 9.500 -2.500 64.50 50.00 3.500 10.500 -2.500 64.50 49.00 1.000 0.000 0.000
q 0 4.500 9.500 -1.800 65.50 50.00 4.500 8.500 -1.800 65.50 51.00 4.500 8.500 -2.500 65.50 51.00 4.500 9.500 -2.500 65.50 50.00 1.000 0.000 0.000
q 2 4.500 9.500 -1.800 65.50 50.00 4.500 8.500 -1.800 65.50 51.00 4.500 8.500 -2.500 65.50 51.00 4.500 9.500 -2.500 65.50 50.00 1.000 0.000 0.000
q 0 4.500 6.500 -1.800 65.50 53.00 4.500 5.500 -1.800 65.50 54.00 4.500 5.500 -2.500 65.50 54.00 4.500 6.500 -2.500 65.50 53.00 1.000 0.000 0.000
q 2 4.500 6.500 -1.800 65.50 53.00 4.500 5.500 -1.800 65.50 54.00 4.500 5.500 -2.500 65.50 54.00 4.500 6.500 -2.500 65.50 53.00 1.000 0.000 0.000
q 0 5.500 8.500 -1.800 66.50 51.00 5.500 6.500 -1.800 66.50 53.00 5.500 6.500 -2.500 66.50 53.00 5.500 8.500 -2.500 66.50 51.00 1.000 0.000 0.000
q 2 5.500 8.500 -1.800 66.50 51.00 5.500 6.500 -1.800 66.50 53.00 5.500 6.500 -2.500 66.50 53.00 5.500 8.500 -2.500 66.50 51.00 1.000 0.000 0.000
