# generated by tools/gen_weapon_models.py (fortune_die)
place 0.50000 0.20312 90.000 0.065972 -4.500
glow 5ADCFF 0.12 0.45 1.0
q 0 -4.500 4.500 4.500 9.00 9.00 4.500 4.500 4.500 18.00 9.00 4.500 4.500 -4.500 18.00 0.00 -4.500 4.500 -4.500 9.00 0.00 0.000 1.000 0.000
q 2 -4.500 4.500 4.500 9.00 9.00 4.500 4.500 4.500 18.00 9.00 4.500 4.500 -4.500 18.00 0.00 -4.500 4.500 -4.500 9.00 0.00 0.000 1.000 0.000
q 0 -4.500 -4.500 -4.500 18.00 0.00 4.500 -4.500 -4.500 27.00 0.00 4.500 -4.500 4.500 27.00 9.00 -4.500 -4.500 4.500 18.00 9.00 0.000 -1.000 0.000
q 2 -4.500 -4.500 -4.500 18.00 0.00 4.500 -4.500 -4.500 27.00 0.00 4.500 -4.500 4.500 27.00 9.00 -4.500 -4.500 4.500 18.00 9.00 0.000 -1.000 0.000
q 0 -4.500 -4.500 -4.500 0.00 18.00 -4.500 -4.500 4.500 9.00 18.00 -4.500 4.500 4.500 9.00 9.00 -4.500 4.500 -4.500 0.00 9.00 -1.000 0.000 0.000
q 2 -4.500 -4.500 -4.500 0.00 18.00 -4.500 -4.500 4.500 9.00 18.00 -4.500 4.500 4.500 9.00 9.00 -4.500 4.500 -4.500 0.00 9.00 -1.000 0.000 0.000
q 0 4.500 -4.500 -4.500 9.00 18.00 -4.500 -4.500 -4.500 18.00 18.00 -4.500 4.500 -4.500 18.00 9.00 4.500 4.500 -4.500 9.00 9.00 0.000 0.000 -1.000
q 2 4.500 -4.500 -4.500 9.00 18.00 -4.500 -4.500 -4.500 18.00 18.00 -4.500 4.500 -4.500 18.00 9.00 4.500 4.500 -4.500 9.00 9.00 0.000 0.000 -1.000
q 0 4.500 -4.500 4.500 18.00 18.00 4.500 -4.500 -4.500 27.00 18.00 4.500 4.500 -4.500 27.00 9.00 4.500 4.500 4.500 18.00 9.00 1.000 -0.000 0.000
q 2 4.500 -4.500 4.500 18.00 18.00 4.500 -4.500 -4.500 27.00 18.00 4.500 4.500 -4.500 27.00 9.00 4.500 4.500 4.500 18.00 9.00 1.000 -0.000 0.000
q 0 -4.500 -4.500 4.500 27.00 18.00 4.500 -4.500 4.500 36.00 18.00 4.500 4.500 4.500 36.00 9.00 -4.500 4.500 4.500 27.00 9.00 0.000 -0.000 1.000
q 2 -4.500 -4.500 4.500 27.00 18.00 4.500 -4.500 4.500 36.00 18.00 4.500 4.500 4.500 36.00 9.00 -4.500 4.500 4.500 27.00 9.00 0.000 -0.000 1.000
