# generated by tools/gen_weapon_models.py (gauches_hand_mirror)
place 0.18712 -0.02390 59.433 0.030797 -19.500
glow B4DCFF 0.05 0.4 0.9
q 0 -6.000 0.000 1.000 0.00 16.00 6.000 0.000 1.000 12.00 16.00 6.000 16.000 1.000 12.00 0.00 -6.000 16.000 1.000 0.00 0.00 0.000 -0.000 1.000
q 2 -6.000 0.000 1.000 0.00 16.00 6.000 0.000 1.000 12.00 16.00 6.000 16.000 1.000 12.00 0.00 -6.000 16.000 1.000 0.00 0.00 0.000 -0.000 1.000
q 0 -6.000 0.000 -1.000 25.00 16.00 -6.000 16.000 -1.000 25.00 0.00 6.000 16.000 -1.000 13.00 0.00 6.000 0.000 -1.000 13.00 16.00 -0.000 0.000 -1.000
q 2 -6.000 0.000 -1.000 25.00 16.00 -6.000 16.000 -1.000 25.00 0.00 6.000 16.000 -1.000 13.00 0.00 6.000 0.000 -1.000 13.00 16.00 -0.000 0.000 -1.000
q 0 -2.000 16.000 1.000 4.00 0.50 2.000 16.000 1.000 8.00 0.50 2.000 16.000 -1.000 8.00 0.50 -2.000 16.000 -1.000 4.00 0.50 0.000 1.000 0.000
q 0 -3.000 15.000 1.000 3.00 1.50 -2.000 15.000 1.000 4.00 1.50 -2.000 15.000 -1.000 4.00 1.50 -3.000 15.000 -1.000 3.00 1.50 0.000 1.000 0.000
q 0 2.000 15.000 1.000 8.00 1.50 3.000 15.000 1.000 9.00 1.50 3.000 15.000 -1.000 9.00 1.50 2.000 15.000 -1.000 8.00 1.50 0.000 1.000 0.000
q 0 -4.000 14.000 1.000 2.00 2.50 -3.000 14.000 1.000 3.00 2.50 -3.000 14.000 -1.000 3.00 2.50 -4.000 14.000 -1.000 2.00 2.50 0.000 1.000 0.000
q 0 3.000 14.000 1.000 9.00 2.50 4.000 14.000 1.000 10.00 2.50 4.000 14.000 -1.000 10.00 2.50 3.000 14.000 -1.000 9.00 2.50 0.000 1.000 0.000
q 0 -5.000 13.000 1.000 1.00 3.50 -4.000 13.000 1.000 2.00 3.50 -4.000 13.000 -1.000 2.00 3.50 -5.000 13.000 -1.000 1.00 3.50 0.000 1.000 0.000
q 0 4.000 13.000 1.000 10.00 3.50 5.000 13.000 1.000 11.00 3.50 5.000 13.000 -1.000 11.00 3.50 4.000 13.000 -1.000 10.00 3.50 0.000 1.000 0.000
q 0 -6.000 11.000 1.000 0.00 5.50 -5.000 11.000 1.000 1.00 5.50 -5.000 11.000 -1.000 1.00 5.50 -6.000 11.000 -1.000 0.00 5.50 0.000 1.000 0.000
q 0 5.000 11.000 1.000 11.00 5.50 6.000 11.000 1.000 12.00 5.50 6.000 11.000 -1.000 12.00 5.50 5.000 11.000 -1.000 11.00 5.50 0.000 1.000 0.000
q 0 -6.000 5.000 1.000 0.00 10.50 -6.000 5.000 -1.000 0.00 10.50 -5.000 5.000 -1.000 1.00 10.50 -5.000 5.000 1.000 1.00 10.50 -0.000 -1.000 -0.000
q 0 5.000 5.000 1.000 11.00 10.50 5.000 5.000 -1.000 11.00 10.50 6.000 5.000 -1.000 12.00 10.50 6.000 5.000 1.000 12.00 10.50 -0.000 -1.000 -0.000
q 0 -5.000 3.000 1.000 1.00 12.50 -5.000 3.000 -1.000 1.00 12.50 -4.000 3.000 -1.000 2.00 12.50 -4.000 3.000 1.000 2.00 12.50 -0.000 -1.000 -0.000
q 0 4.000 3.000 1.000 10.00 12.50 4.000 3.000 -1.000 10.00 12.50 5.000 3.000 -1.000 11.00 12.50 5.000 3.000 1.000 11.00 12.50 -0.000 -1.000 -0.000
q 0 -4.000 2.000 1.000 2.00 13.50 -4.000 2.000 -1.000 2.00 13.50 -3.000 2.000 -1.000 3.00 13.50 -3.000 2.000 1.000 3.00 13.50 -0.000 -1.000 -0.000
q 0 3.000 2.000 1.000 9.00 13.50 3.000 2.000 -1.000 9.00 13.50 4.000 2.000 -1.000 10.00 13.50 4.000 2.000 1.000 10.00 13.50 -0.000 -1.000 -0.000
q 0 -3.000 1.000 1.000 3.00 14.50 -3.000 1.000 -1.000 3.00 14.50 -2.000 1.000 -1.000 4.00 14.50 -2.000 1.000 1.000 4.00 14.50 -0.000 -1.000 -0.000
q 0 2.000 1.000 1.000 8.00 14.50 2.000 1.000 -1.000 8.00 14.50 3.000 1.000 -1.000 9.00 14.50 3.000 1.000 1.000 9.00 14.50 -0.000 -1.000 -0.000
q 0 -2.000 0.000 1.000 4.00 15.50 -2.000 0.000 -1.000 4.00 15.50 2.000 0.000 -1.000 8.00 15.50 2.000 0.000 1.000 8.00 15.50 -0.000 -1.000 -0.000
q 0 -6.000 11.000 1.000 0.50 5.00 -6.000 11.000 -1.000 0.50 5.00 -6.000 5.000 -1.000 0.50 11.00 -6.000 5.000 1.000 0.50 11.00 -1.000 -0.000 -0.000
q 0 -5.000 13.000 1.000 1.50 3.00 -5.000 13.000 -1.000 1.50 3.00 -5.000 11.000 -1.000 1.50 5.00 -5.000 11.000 1.000 1.50 5.00 -1.000 -0.000 -0.000
q 0 -5.000 5.000 1.000 1.50 11.00 -5.000 5.000 -1.000 1.50 11.00 -5.000 3.000 -1.000 1.50 13.00 -5.000 3.000 1.000 1.50 13.00 -1.000 -0.000 -0.000
q 0 -4.000 14.000 1.000 2.50 2.00 -4.000 14.000 -1.000 2.50 2.00 -4.000 13.000 -1.000 2.50 3.00 -4.000 13.000 1.000 2.50 3.00 -1.000 -0.000 -0.000
q 0 -4.000 3.000 1.000 2.50 13.00 -4.000 3.000 -1.000 2.50 13.00 -4.000 2.000 -1.000 2.50 14.00 -4.000 2.000 1.000 2.50 14.00 -1.000 -0.000 -0.000
q 0 -3.000 15.000 1.000 3.50 1.00 -3.000 15.000 -1.000 3.50 1.00 -3.000 14.000 -1.000 3.50 2.00 -3.000 14.000 1.000 3.50 2.00 -1.000 -0.000 -0.000
q 0 -3.000 2.000 1.000 3.50 14.00 -3.000 2.000 -1.000 3.50 14.00 -3.000 1.000 -1.000 3.50 15.00 -3.000 1.000 1.000 3.50 15.00 -1.000 -0.000 -0.000
q 0 -2.000 16.000 1.000 4.50 0.00 -2.000 16.000 -1.000 4.50 0.00 -2.000 15.000 -1.000 4.50 1.00 -2.000 15.000 1.000 4.50 1.00 -1.000 -0.000 -0.000
q 0 -2.000 1.000 1.000 4.50 15.00 -2.000 1.000 -1.000 4.50 15.00 -2.000 0.000 -1.000 4.50 16.00 -2.000 0.000 1.000 4.50 16.00 -1.000 -0.000 -0.000
q 0 2.000 16.000 1.000 7.50 0.00 2.000 15.000 1.000 7.50 1.00 2.000 15.000 -1.000 7.50 1.00 2.000 16.000 -1.000 7.50 0.00 1.000 0.000 0.000
q 0 2.000 1.000 1.000 7.50 15.00 2.000 0.000 1.000 7.50 16.00 2.000 0.000 -1.000 7.50 16.00 2.000 1.000 -1.000 7.50 15.00 1.000 0.000 0.000
q 0 3.000 15.000 1.000 8.50 1.00 3.000 14.000 1.000 8.50 2.00 3.000 14.000 -1.000 8.50 2.00 3.000 15.000 -1.000 8.50 1.00 1.000 0.000 0.000
q 0 3.000 2.000 1.000 8.50 14.00 3.000 1.000 1.000 8.50 15.00 3.000 1.000 -1.000 8.50 15.00 3.000 2.000 -1.000 8.50 14.00 1.000 0.000 0.000
q 0 4.000 14.000 1.000 9.50 2.00 4.000 13.000 1.000 9.50 3.00 4.000 13.000 -1.000 9.50 3.00 4.000 14.000 -1.000 9.50 2.00 1.000 0.000 0.000
q 0 4.000 3.000 1.000 9.50 13.00 4.000 2.000 1.000 9.50 14.00 4.000 2.000 -1.000 9.50 14.00 4.000 3.000 -1.000 9.50 13.00 1.000 0.000 0.000
q 0 5.000 13.000 1.000 10.50 3.00 5.000 11.000 1.000 10.50 5.00 5.000 11.000 -1.000 10.50 5.00 5.000 13.000 -1.000 10.50 3.00 1.000 0.000 0.000
q 0 5.000 5.000 1.000 10.50 11.00 5.000 3.000 1.000 10.50 13.00 5.000 3.000 -1.000 10.50 13.00 5.000 5.000 -1.000 10.50 11.00 1.000 0.000 0.000
q 0 6.000 11.000 1.000 11.50 5.00 6.000 5.000 1.000 11.50 11.00 6.000 5.000 -1.000 11.50 11.00 6.000 11.000 -1.000 11.50 5.00 1.000 0.000 0.000
q 0 -1.000 0.500 1.200 29.00 3.00 1.000 0.500 1.200 31.00 3.00 1.000 0.500 -1.200 31.00 0.00 -1.000 0.500 -1.200 29.00 0.00 0.000 1.000 0.000
q 0 -1.000 -2.000 -1.200 31.00 0.00 1.000 -2.000 -1.200 33.00 0.00 1.000 -2.000 1.200 33.00 3.00 -1.000 -2.000 1.200 31.00 3.00 0.000 -1.000 0.000
q 0 -1.000 -2.000 -1.200 26.00 6.00 -1.000 -2.000 1.200 29.00 6.00 -1.000 0.500 1.200 29.00 3.00 -1.000 0.500 -1.200 26.00 3.00 -1.000 0.000 0.000
q 0 1.000 -2.000 -1.200 29.00 6.00 -1.000 -2.000 -1.200 31.00 6.00 -1.000 0.500 -1.200 31.00 3.00 1.000 0.500 -1.200 29.00 3.00 0.000 0.000 -1.000
q 0 1.000 -2.000 1.200 31.00 6.00 1.000 -2.000 -1.200 34.00 6.00 1.000 0.500 -1.200 34.00 3.00 1.000 0.500 1.200 31.00 3.00 1.000 -0.000 0.000
q 0 -1.000 -2.000 1.200 34.00 6.00 1.000 -2.000 1.200 36.00 6.00 1.000 0.500 1.200 36.00 3.00 -1.000 0.500 1.200 34.00 3.00 0.000 -0.000 1.000
q 0 -1.000 -2.000 1.000 39.00 2.00 1.000 -2.000 1.000 41.00 2.00 1.000 -2.000 -1.000 41.00 0.00 -1.000 -2.000 -1.000 39.00 0.00 0.000 1.000 0.000
q 0 -1.000 -18.000 -1.000 41.00 0.00 1.000 -18.000 -1.000 43.00 0.00 1.000 -18.000 1.000 43.00 2.00 -1.000 -18.000 1.000 41.00 2.00 0.000 -1.000 0.000
q 0 -1.000 -18.000 -1.000 37.00 18.00 -1.000 -18.000 1.000 39.00 18.00 -1.000 -2.000 1.000 39.00 2.00 -1.000 -2.000 -1.000 37.00 2.00 -1.000 0.000 0.000
q 0 1.000 -18.000 -1.000 39.00 18.00 -1.000 -18.000 -1.000 41.00 18.00 -1.000 -2.000 -1.000 41.00 2.00 1.000 -2.000 -1.000 39.00 2.00 0.000 0.000 -1.000
q 0 1.000 -18.000 1.000 41.00 18.00 1.000 -18.000 -1.000 43.00 18.00 1.000 -2.000 -1.000 43.00 2.00 1.000 -2.000 1.000 41.00 2.00 1.000 -0.000 0.000
q 0 -1.000 -18.000 1.000 43.00 18.00 1.000 -18.000 1.000 45.00 18.00 1.000 -2.000 1.000 45.00 2.00 -1.000 -2.000 1.000 43.00 2.00 0.000 -0.000 1.000
q 0 -1.100 -18.000 1.100 49.00 3.00 1.100 -18.000 1.100 52.00 3.00 1.100 -18.000 -1.100 52.00 0.00 -1.100 -18.000 -1.100 49.00 0.00 0.000 1.000 0.000
q 0 -1.100 -19.500 -1.100 52.00 0.00 1.100 -19.500 -1.100 55.00 0.00 1.100 -19.500 1.100 55.00 3.00 -1.100 -19.500 1.100 52.00 3.00 0.000 -1.000 0.000
q 0 -1.100 -19.500 -1.100 46.00 5.00 -1.100 -19.500 1.100 49.00 5.00 -1.100 -18.000 1.100 49.00 3.00 -1.100 -18.000 -1.100 46.00 3.00 -1.000 0.000 0.000
q 0 1.100 -19.500 -1.100 49.00 5.00 -1.100 -19.500 -1.100 52.00 5.00 -1.100 -18.000 -1.100 52.00 3.00 1.100 -18.000 -1.100 49.00 3.00 0.000 0.000 -1.000
q 0 1.100 -19.500 1.100 52.00 5.00 1.100 -19.500 -1.100 55.00 5.00 1.100 -18.000 -1.100 55.00 3.00 1.100 -18.000 1.100 52.00 3.00 1.000 -0.000 0.000
q 0 -1.100 -19.500 1.100 55.00 5.00 1.100 -19.500 1.100 58.00 5.00 1.100 -18.000 1.100 58.00 3.00 -1.100 -18.000 1.100 55.00 3.00 0.000 -0.000 1.000
