# generated by tools/gen_weapon_models.py (grimoire_chain)
place 0.16596 0.73434 -31.904 0.027733 -12.000
q 0 -2.500 -12.000 1.000 0.00 7.00 2.500 -12.000 1.000 5.00 7.00 2.500 -5.000 1.000 5.00 0.00 -2.500 -5.000 1.000 0.00 0.00 0.000 -0.000 1.000
q 0 -2.500 -12.000 -1.000 11.00 7.00 -2.500 -5.000 -1.000 11.00 0.00 2.500 -5.000 -1.000 6.00 0.00 2.500 -12.000 -1.000 6.00 7.00 -0.000 0.000 -1.000
q 0 -1.500 -5.000 1.000 1.00 0.50 1.500 -5.000 1.000 4.00 0.50 1.500 -5.000 -1.000 4.00 0.50 -1.500 -5.000 -1.000 1.00 0.50 0.000 1.000 0.000
q 0 -2.500 -6.000 1.000 0.00 1.50 -1.500 -6.000 1.000 1.00 1.50 -1.500 -6.000 -1.000 1.00 1.50 -2.500 -6.000 -1.000 0.00 1.50 0.000 1.000 0.000
q 0 1.500 -6.000 1.000 4.00 1.50 2.500 -6.000 1.000 5.00 1.50 2.500 -6.000 -1.000 5.00 1.50 1.500 -6.000 -1.000 4.00 1.50 0.000 1.000 0.000
q 0 -1.500 -7.000 1.000 1.00 1.50 -1.500 -7.000 -1.000 1.00 1.50 1.500 -7.000 -1.000 4.00 1.50 1.500 -7.000 1.000 4.00 1.50 -0.000 -1.000 -0.000
q 0 -1.500 -10.000 1.000 1.00 5.50 1.500 -10.000 1.000 4.00 5.50 1.500 -10.000 -1.000 4.00 5.50 -1.500 -10.000 -1.000 1.00 5.50 0.000 1.000 0.000
q 0 -2.500 -11.000 1.000 0.00 5.50 -2.500 -11.000 -1.000 0.00 5.50 -1.500 -11.000 -1.000 1.00 5.50 -1.500 -11.000 1.000 1.00 5.50 -0.000 -1.000 -0.000
q 0 1.500 -11.000 1.000 4.00 5.50 1.500 -11.000 -1.000 4.00 5.50 2.500 -11.000 -1.000 5.00 5.50 2.500 -11.000 1.000 5.00 5.50 -0.000 -1.000 -0.000
q 0 -1.500 -12.000 1.000 1.00 6.50 -1.500 -12.000 -1.000 1.00 6.50 1.500 -12.000 -1.000 4.00 6.50 1.500 -12.000 1.000 4.00 6.50 -0.000 -1.000 -0.000
q 0 -2.500 -6.000 1.000 0.50 1.00 -2.500 -6.000 -1.000 0.50 1.00 -2.500 -11.000 -1.000 0.50 6.00 -2.500 -11.000 1.000 0.50 6.00 -1.000 -0.000 -0.000
q 0 -1.500 -7.000 1.000 0.50 2.00 -1.500 -10.000 1.000 0.50 5.00 -1.500 -10.000 -1.000 0.50 5.00 -1.500 -7.000 -1.000 0.50 2.00 1.000 0.000 0.000
q 0 -1.500 -5.000 1.000 1.50 0.00 -1.500 -5.000 -1.000 1.50 0.00 -1.500 -6.000 -1.000 1.50 1.00 -1.500 -6.000 1.000 1.50 1.00 -1.000 -0.000 -0.000
q 0 -1.500 -11.000 1.000 1.50 6.00 -1.500 -11.000 -1.000 1.50 6.00 -1.500 -12.000 -1.000 1.50 7.00 -1.500 -12.000 1.000 1.50 7.00 -1.000 -0.000 -0.000
q 0 1.500 -5.000 1.000 3.50 0.00 1.500 -6.000 1.000 3.50 1.00 1.500 -6.000 -1.000 3.50 1.00 1.500 -5.000 -1.000 3.50 0.00 1.000 0.000 0.000
q 0 1.500 -11.000 1.000 3.50 6.00 1.500 -12.000 1.000 3.50 7.00 1.500 -12.000 -1.000 3.50 7.00 1.500 -11.000 -1.000 3.50 6.00 1.000 0.000 0.000
q 0 1.500 -7.000 1.000 4.50 2.00 1.500 -7.000 -1.000 4.50 2.00 1.500 -10.000 -1.000 4.50 5.00 1.500 -10.000 1.000 4.50 5.00 -1.000 -0.000 -0.000
q 0 2.500 -6.000 1.000 4.50 1.00 2.500 -11.000 1.000 4.50 6.00 2.500 -11.000 -1.000 4.50 6.00 2.500 -6.000 -1.000 4.50 1.00 1.000 0.000 0.000
q 0 -1.000 -0.600 -1.400 14.00 2.00 1.000 -0.600 -1.400 16.00 2.00 1.000 -0.600 -2.800 16.00 0.00 -1.000 -0.600 -2.800 14.00 0.00 0.000 1.000 0.000
q 0 -1.000 -7.000 -2.800 16.00 0.00 1.000 -7.000 -2.800 18.00 0.00 1.000 -7.000 -1.400 18.00 2.00 -1.000 -7.000 -1.400 16.00 2.00 0.000 -1.000 0.000
q 0 -1.000 -7.000 -2.800 12.00 9.00 -1.000 -7.000 -1.400 14.00 9.00 -1.000 -0.600 -1.400 14.00 2.00 -1.000 -0.600 -2.800 12.00 2.00 -1.000 0.000 0.000
q 0 1.000 -7.000 -2.800 14.00 9.00 -1.000 -7.000 -2.800 16.00 9.00 -1.000 -0.600 -2.800 16.00 2.00 1.000 -0.600 -2.800 14.00 2.00 0.000 0.000 -1.000
q 0 1.000 -7.000 -1.400 16.00 9.00 1.000 -7.000 -2.800 18.00 9.00 1.000 -0.600 -2.800 18.00 2.00 1.000 -0.600 -1.400 16.00 2.00 1.000 -0.000 0.000
q 0 -1.000 -7.000 -1.400 18.00 9.00 1.000 -7.000 -1.400 20.00 9.00 1.000 -0.600 -1.400 20.00 2.00 -1.000 -0.600 -1.400 18.00 2.00 0.000 -0.000 1.000
q 0 -1.000 -0.600 2.800 23.00 2.00 1.000 -0.600 2.800 25.00 2.00 1.000 -0.600 1.400 25.00 0.00 -1.000 -0.600 1.400 23.00 0.00 0.000 1.000 0.000
q 0 -1.000 -7.000 1.400 25.00 0.00 1.000 -7.000 1.400 27.00 0.00 1.000 -7.000 2.800 27.00 2.00 -1.000 -7.000 2.800 25.00 2.00 0.000 -1.000 0.000
q 0 -1.000 -7.000 1.400 21.00 9.00 -1.000 -7.000 2.800 23.00 9.00 -1.000 -0.600 2.800 23.00 2.00 -1.000 -0.600 1.400 21.00 2.00 -1.000 0.000 0.000
q 0 1.000 -7.000 1.400 23.00 9.00 -1.000 -7.000 1.400 25.00 9.00 -1.000 -0.600 1.400 25.00 2.00 1.000 -0.600 1.400 23.00 2.00 0.000 0.000 -1.000
q 0 1.000 -7.000 2.800 25.00 9.00 1.000 -7.000 1.400 27.00 9.00 1.000 -0.600 1.400 27.00 2.00 1.000 -0.600 2.800 25.00 2.00 1.000 -0.000 0.000
q 0 -1.000 -7.000 2.800 27.00 9.00 1.000 -7.000 2.800 29.00 9.00 1.000 -0.600 2.800 29.00 2.00 -1.000 -0.600 2.800 27.00 2.00 0.000 -0.000 1.000
q 0 -1.000 -5.800 1.400 33.00 3.00 1.000 -5.800 1.400 35.00 3.00 1.000 -5.800 -1.400 35.00 0.00 -1.000 -5.800 -1.400 33.00 0.00 0.000 1.000 0.000
q 0 -1.000 -7.000 -1.400 35.00 0.00 1.000 -7.000 -1.400 37.00 0.00 1.000 -7.000 1.400 37.00 3.00 -1.000 -7.000 1.400 35.00 3.00 0.000 -1.000 0.000
q 0 -1.000 -7.000 -1.400 30.00 5.00 -1.000 -7.000 1.400 33.00 5.00 -1.000 -5.800 1.400 33.00 3.00 -1.000 -5.800 -1.400 30.00 3.00 -1.000 0.000 0.000
q 0 1.000 -7.000 -1.400 33.00 5.00 -1.000 -7.000 -1.400 35.00 5.00 -1.000 -5.800 -1.400 35.00 3.00 1.000 -5.800 -1.400 33.00 3.00 0.000 0.000 -1.000
q 0 1.000 -7.000 1.400 35.00 5.00 1.000 -7.000 -1.400 38.00 5.00 1.000 -5.800 -1.400 38.00 3.00 1.000 -5.800 1.400 35.00 3.00 1.000 -0.000 0.000
q 0 -1.000 -7.000 1.400 38.00 5.00 1.000 -7.000 1.400 40.00 5.00 1.000 -5.800 1.400 40.00 3.00 -1.000 -5.800 1.400 38.00 3.00 0.000 -0.000 1.000
q 0 -1.000 -0.600 1.400 44.00 3.00 1.000 -0.600 1.400 46.00 3.00 1.000 -0.600 -1.400 46.00 0.00 -1.000 -0.600 -1.400 44.00 0.00 0.000 1.000 0.000
q 0 -1.000 -1.800 -1.400 46.00 0.00 1.000 -1.800 -1.400 48.00 0.00 1.000 -1.800 1.400 48.00 3.00 -1.000 -1.800 1.400 46.00 3.00 0.000 -1.000 0.000
q 0 -1.000 -1.800 -1.400 41.00 5.00 -1.000 -1.800 1.400 44.00 5.00 -1.000 -0.600 1.400 44.00 3.00 -1.000 -0.600 -1.400 41.00 3.00 -1.000 0.000 0.000
q 0 1.000 -1.800 -1.400 44.00 5.00 -1.000 -1.800 -1.400 46.00 5.00 -1.000 -0.600 -1.400 46.00 3.00 1.000 -0.600 -1.400 44.00 3.00 0.000 0.000 -1.000
q 0 1.000 -1.800 1.400 46.00 5.00 1.000 -1.800 -1.400 49.00 5.00 1.000 -0.600 -1.400 49.00 3.00 1.000 -0.600 1.400 46.00 3.00 1.000 -0.000 0.000
q 0 -1.000 -1.800 1.400 49.00 5.00 1.000 -1.800 1.400 51.00 5.00 1.000 -0.600 1.400 51.00 3.00 -1.000 -0.600 1.400 49.00 3.00 0.000 -0.000 1.000
q 0 -2.500 -2.000 1.000 52.00 7.00 2.500 -2.000 1.000 57.00 7.00 2.500 5.000 1.000 57.00 0.00 -2.500 5.000 1.000 52.00 0.00 0.000 -0.000 1.000
q 0 -2.500 -2.000 -1.000 63.00 7.00 -2.500 5.000 -1.000 63.00 0.00 2.500 5.000 -1.000 58.00 0.00 2.500 -2.000 -1.000 58.00 7.00 -0.000 0.000 -1.000
q 0 -1.500 5.000 1.000 53.00 0.50 1.500 5.000 1.000 56.00 0.50 1.500 5.000 -1.000 56.00 0.50 -1.500 5.000 -1.000 53.00 0.50 0.000 1.000 0.000
q 0 -2.500 4.000 1.000 52.00 1.50 -1.500 4.000 1.000 53.00 1.50 -1.500 4.000 -1.000 53.00 1.50 -2.500 4.000 -1.000 52.00 1.50 0.000 1.000 0.000
q 0 1.500 4.000 1.000 56.00 1.50 2.500 4.000 1.000 57.00 1.50 2.500 4.000 -1.000 57.00 1.50 1.500 4.000 -1.000 56.00 1.50 0.000 1.000 0.000
q 0 -1.500 3.000 1.000 53.00 1.50 -1.500 3.000 -1.000 53.00 1.50 1.500 3.000 -1.000 56.00 1.50 1.500 3.000 1.000 56.00 1.50 -0.000 -1.000 -0.000
q 0 -1.500 0.000 1.000 53.00 5.50 1.500 0.000 1.000 56.00 5.50 1.500 0.000 -1.000 56.00 5.50 -1.500 0.000 -1.000 53.00 5.50 0.000 1.000 0.000
q 0 -2.500 -1.000 1.000 52.00 5.50 -2.500 -1.000 -1.000 52.00 5.50 -1.500 -1.000 -1.000 53.00 5.50 -1.500 -1.000 1.000 53.00 5.50 -0.000 -1.000 -0.000
q 0 1.500 -1.000 1.000 56.00 5.50 1.500 -1.000 -1.000 56.00 5.50 2.500 -1.000 -1.000 57.00 5.50 2.500 -1.000 1.000 57.00 5.50 -0.000 -1.000 -0.000
q 0 -1.500 -2.000 1.000 53.00 6.50 -1.500 -2.000 -1.000 53.00 6.50 1.500 -2.000 -1.000 56.00 6.50 1.500 -2.000 1.000 56.00 6.50 -0.000 -1.000 -0.000
q 0 -2.500 4.000 1.000 52.50 1.00 -2.500 4.000 -1.000 52.50 1.00 -2.500 -1.000 -1.000 52.50 6.00 -2.500 -1.000 1.000 52.50 6.00 -1.000 -0.000 -0.000
q 0 -1.500 3.000 1.000 52.50 2.00 -1.500 0.000 1.000 52.50 5.00 -1.500 0.000 -1.000 52.50 5.00 -1.500 3.000 -1.000 52.50 2.00 1.000 0.000 0.000
q 0 -1.500 5.000 1.000 53.50 0.00 -1.500 5.000 -1.000 53.50 0.00 -1.500 4.000 -1.000 53.50 1.00 -1.500 4.000 1.000 53.50 1.00 -1.000 -0.000 -0.000
q 0 -1.500 -1.000 1.000 53.50 6.00 -1.500 -1.000 -1.000 53.50 6.00 -1.500 -2.000 -1.000 53.50 7.00 -1.500 -2.000 1.000 53.50 7.00 -1.000 -0.000 -0.000
q 0 1.500 5.000 1.000 55.50 0.00 1.500 4.000 1.000 55.50 1.00 1.500 4.000 -1.000 55.50 1.00 1.500 5.000 -1.000 55.50 0.00 1.000 0.000 0.000
q 0 1.500 -1.000 1.000 55.50 6.00 1.500 -2.000 1.000 55.50 7.00 1.500 -2.000 -1.000 55.50 7.00 1.500 -1.000 -1.000 55.50 6.00 1.000 0.000 0.000
q 0 1.500 3.000 1.000 56.50 2.00 1.500 3.000 -1.000 56.50 2.00 1.500 0.000 -1.000 56.50 5.00 1.500 0.000 1.000 56.50 5.00 -1.000 -0.000 -0.000
q 0 2.500 4.000 1.000 56.50 1.00 2.500 -1.000 1.000 56.50 6.00 2.500 -1.000 -1.000 56.50 6.00 2.500 4.000 -1.000 56.50 1.00 1.000 0.000 0.000
q 0 -1.000 9.400 -1.400 66.00 2.00 1.000 9.400 -1.400 68.00 2.00 1.000 9.400 -2.800 68.00 0.00 -1.000 9.400 -2.800 66.00 0.00 0.000 1.000 0.000
q 0 -1.000 3.000 -2.800 68.00 0.00 1.000 3.000 -2.800 70.00 0.00 1.000 3.000 -1.400 70.00 2.00 -1.000 3.000 -1.400 68.00 2.00 0.000 -1.000 0.000
q 0 -1.000 3.000 -2.800 64.00 9.00 -1.000 3.000 -1.400 66.00 9.00 -1.000 9.400 -1.400 66.00 2.00 -1.000 9.400 -2.800 64.00 2.00 -1.000 0.000 0.000
q 0 1.000 3.000 -2.800 66.00 9.00 -1.000 3.000 -2.800 68.00 9.00 -1.000 9.400 -2.800 68.00 2.00 1.000 9.400 -2.800 66.00 2.00 0.000 0.000 -1.000
q 0 1.000 3.000 -1.400 68.00 9.00 1.000 3.000 -2.800 70.00 9.00 1.000 9.400 -2.800 70.00 2.00 1.000 9.400 -1.400 68.00 2.00 1.000 -0.000 0.000
q 0 -1.000 3.000 -1.400 70.00 9.00 1.000 3.000 -1.400 72.00 9.00 1.000 9.400 -1.400 72.00 2.00 -1.000 9.400 -1.400 70.00 2.00 0.000 -0.000 1.000
q 0 -1.000 9.400 2.800 75.00 2.00 1.000 9.400 2.800 77.00 2.00 1.000 9.400 1.400 77.00 0.00 -1.000 9.400 1.400 75.00 0.00 0.000 1.000 0.000
q 0 -1.000 3.000 1.400 77.00 0.00 1.000 3.000 1.400 79.00 0.00 1.000 3.000 2.800 79.00 2.00 -1.000 3.000 2.800 77.00 2.00 0.000 -1.000 0.000
q 0 -1.000 3.000 1.400 73.00 9.00 -1.000 3.000 2.800 75.00 9.00 -1.000 9.400 2.800 75.00 2.00 -1.000 9.400 1.400 73.00 2.00 -1.000 0.000 0.000
q 0 1.000 3.000 1.400 75.00 9.00 -1.000 3.000 1.400 77.00 9.00 -1.000 9.400 1.400 77.00 2.00 1.000 9.400 1.400 75.00 2.00 0.000 0.000 -1.000
q 0 1.000 3.000 2.800 77.00 9.00 1.000 3.000 1.400 79.00 9.00 1.000 9.400 1.400 79.00 2.00 1.000 9.400 2.800 77.00 2.00 1.000 -0.000 0.000
q 0 -1.000 3.000 2.800 79.00 9.00 1.000 3.000 2.800 81.00 9.00 1.000 9.400 2.800 81.00 2.00 -1.000 9.400 2.800 79.00 2.00 0.000 -0.000 1.000
q 0 -1.000 4.200 1.400 85.00 3.00 1.000 4.200 1.400 87.00 3.00 1.000 4.200 -1.400 87.00 0.00 -1.000 4.200 -1.400 85.00 0.00 0.000 1.000 0.000
q 0 -1.000 3.000 -1.400 87.00 0.00 1.000 3.000 -1.400 89.00 0.00 1.000 3.000 1.400 89.00 3.00 -1.000 3.000 1.400 87.00 3.00 0.000 -1.000 0.000
q 0 -1.000 3.000 -1.400 82.00 5.00 -1.000 3.000 1.400 85.00 5.00 -1.000 4.200 1.400 85.00 3.00 -1.000 4.200 -1.400 82.00 3.00 -1.000 0.000 0.000
q 0 1.000 3.000 -1.400 85.00 5.00 -1.000 3.000 -1.400 87.00 5.00 -1.000 4.200 -1.400 87.00 3.00 1.000 4.200 -1.400 85.00 3.00 0.000 0.000 -1.000
q 0 1.000 3.000 1.400 87.00 5.00 1.000 3.000 -1.400 90.00 5.00 1.000 4.200 -1.400 90.00 3.00 1.000 4.200 1.400 87.00 3.00 1.000 -0.000 0.000
q 0 -1.000 3.000 1.400 90.00 5.00 1.000 3.000 1.400 92.00 5.00 1.000 4.200 1.400 92.00 3.00 -1.000 4.200 1.400 90.00 3.00 0.000 -0.000 1.000
q 0 -1.000 9.400 1.400 96.00 3.00 1.000 9.400 1.400 98.00 3.00 1.000 9.400 -1.400 98.00 0.00 -1.000 9.400 -1.400 96.00 0.00 0.000 1.000 0.000
q 0 -1.000 8.200 -1.400 98.00 0.00 1.000 8.200 -1.400 100.00 0.00 1.000 8.200 1.400 100.00 3.00 -1.000 8.200 1.400 98.00 3.00 0.000 -1.000 0.000
q 0 -1.000 8.200 -1.400 93.00 5.00 -1.000 8.200 1.400 96.00 5.00 -1.000 9.400 1.400 96.00 3.00 -1.000 9.400 -1.400 93.00 3.00 -1.000 0.000 0.000
q 0 1.000 8.200 -1.400 96.00 5.00 -1.000 8.200 -1.400 98.00 5.00 -1.000 9.400 -1.400 98.00 3.00 1.000 9.400 -1.400 96.00 3.00 0.000 0.000 -1.000
q 0 1.000 8.200 1.400 98.00 5.00 1.000 8.200 -1.400 101.00 5.00 1.000 9.400 -1.400 101.00 3.00 1.000 9.400 1.400 98.00 3.00 1.000 -0.000 0.000
q 0 -1.000 8.200 1.400 101.00 5.00 1.000 8.200 1.400 103.00 5.00 1.000 9.400 1.400 103.00 3.00 -1.000 9.400 1.400 101.00 3.00 0.000 -0.000 1.000
q 0 -2.500 8.000 1.000 104.00 7.00 2.500 8.000 1.000 109.00 7.00 2.500 15.000 1.000 109.00 0.00 -2.500 15.000 1.000 104.00 0.00 0.000 -0.000 1.000
q 0 -2.500 8.000 -1.000 115.00 7.00 -2.500 15.000 -1.000 115.00 0.00 2.500 15.000 -1.000 110.00 0.00 2.500 8.000 -1.000 110.00 7.00 -0.000 0.000 -1.000
q 0 -1.500 15.000 1.000 105.00 0.50 1.500 15.000 1.000 108.00 0.50 1.500 15.000 -1.000 108.00 0.50 -1.500 15.000 -1.000 105.00 0.50 0.000 1.000 0.000
q 0 -2.500 14.000 1.000 104.00 1.50 -1.500 14.000 1.000 105.00 1.50 -1.500 14.000 -1.000 105.00 1.50 -2.500 14.000 -1.000 104.00 1.50 0.000 1.000 0.000
q 0 1.500 14.000 1.000 108.00 1.50 2.500 14.000 1.000 109.00 1.50 2.500 14.000 -1.000 109.00 1.50 1.500 14.000 -1.000 108.00 1.50 0.000 1.000 0.000
q 0 -1.500 13.000 1.000 105.00 1.50 -1.500 13.000 -1.000 105.00 1.50 1.500 13.000 -1.000 108.00 1.50 1.500 13.000 1.000 108.00 1.50 -0.000 -1.000 -0.000
q 0 -1.500 10.000 1.000 105.00 5.50 1.500 10.000 1.000 108.00 5.50 1.500 10.000 -1.000 108.00 5.50 -1.500 10.000 -1.000 105.00 5.50 0.000 1.000 0.000
q 0 -2.500 9.000 1.000 104.00 5.50 -2.500 9.000 -1.000 104.00 5.50 -1.500 9.000 -1.000 105.00 5.50 -1.500 9.000 1.000 105.00 5.50 -0.000 -1.000 -0.000
q 0 1.500 9.000 1.000 108.00 5.50 1.500 9.000 -1.000 108.00 5.50 2.500 9.000 -1.000 109.00 5.50 2.500 9.000 1.000 109.00 5.50 -0.000 -1.000 -0.000
q 0 -1.500 8.000 1.000 105.00 6.50 -1.500 8.000 -1.000 105.00 6.50 1.500 8.000 -1.000 108.00 6.50 1.500 8.000 1.000 108.00 6.50 -0.000 -1.000 -0.000
q 0 -2.500 14.000 1.000 104.50 1.00 -2.500 14.000 -1.000 104.50 1.00 -2.500 9.000 -1.000 104.50 6.00 -2.500 9.000 1.000 104.50 6.00 -1.000 -0.000 -0.000
q 0 -1.500 13.000 1.000 104.50 2.00 -1.500 10.000 1.000 104.50 5.00 -1.500 10.000 -1.000 104.50 5.00 -1.500 13.000 -1.000 104.50 2.00 1.000 0.000 0.000
q 0 -1.500 15.000 1.000 105.50 0.00 -1.500 15.000 -1.000 105.50 0.00 -1.500 14.000 -1.000 105.50 1.00 -1.500 14.000 1.000 105.50 1.00 -1.000 -0.000 -0.000
q 0 -1.500 9.000 1.000 105.50 6.00 -1.500 9.000 -1.000 105.50 6.00 -1.500 8.000 -1.000 105.50 7.00 -1.500 8.000 1.000 105.50 7.00 -1.000 -0.000 -0.000
q 0 1.500 15.000 1.000 107.50 0.00 1.500 14.000 1.000 107.50 1.00 1.500 14.000 -1.000 107.50 1.00 1.500 15.000 -1.000 107.50 0.00 1.000 0.000 0.000
q 0 1.500 9.000 1.000 107.50 6.00 1.500 8.000 1.000 107.50 7.00 1.500 8.000 -1.000 107.50 7.00 1.500 9.000 -1.000 107.50 6.00 1.000 0.000 0.000
q 0 1.500 13.000 1.000 108.50 2.00 1.500 13.000 -1.000 108.50 2.00 1.500 10.000 -1.000 108.50 5.00 1.500 10.000 1.000 108.50 5.00 -1.000 -0.000 -0.000
q 0 2.500 14.000 1.000 108.50 1.00 2.500 9.000 1.000 108.50 6.00 2.500 9.000 -1.000 108.50 6.00 2.500 14.000 -1.000 108.50 1.00 1.000 0.000 0.000
