# generated by tools/gen_weapon_models.py (last_word)
place 0.12558 0.12416 44.552 0.014754 -16.400
glow FF3C5A 0.1 0.5 1.0
q 0 -2.000 0.000 0.300 1.00 54.00 0.000 0.000 0.900 3.00 54.00 0.000 16.000 0.900 3.00 38.00 -1.733 16.000 0.300 1.27 38.00 -0.306 0.003 0.952
q 0 0.000 0.000 0.900 3.00 54.00 2.000 0.000 0.300 5.00 54.00 1.733 16.000 0.300 4.73 38.00 0.000 16.000 0.900 3.00 38.00 0.306 0.003 0.952
q 0 -2.000 0.000 -0.300 12.00 54.00 -1.733 16.000 -0.300 11.73 38.00 0.000 16.000 -0.900 10.00 38.00 0.000 0.000 -0.900 10.00 54.00 -0.306 0.003 -0.952
q 0 0.000 0.000 -0.900 10.00 54.00 0.000 16.000 -0.900 10.00 38.00 1.733 16.000 -0.300 8.27 38.00 2.000 0.000 -0.300 8.00 54.00 0.306 0.003 -0.952
q 0 -2.000 0.000 0.300 16.00 54.00 -1.733 16.000 0.300 16.00 38.00 -1.733 16.000 -0.300 14.00 38.00 -2.000 0.000 -0.300 14.00 54.00 -1.000 0.017 -0.000
q 0 2.000 0.000 0.300 16.00 54.00 2.000 0.000 -0.300 14.00 54.00 1.733 16.000 -0.300 14.00 38.00 1.733 16.000 0.300 16.00 38.00 1.000 0.017 0.000
q 0 -1.733 16.000 0.300 1.27 38.00 0.000 16.000 0.900 3.00 38.00 0.000 32.000 0.900 3.00 22.00 -1.467 32.000 0.300 1.53 22.00 -0.351 0.003 0.936
q 0 0.000 16.000 0.900 3.00 38.00 1.733 16.000 0.300 4.73 38.00 1.467 32.000 0.300 4.47 22.00 0.000 32.000 0.900 3.00 22.00 0.351 0.003 0.936
q 0 -1.733 16.000 -0.300 11.73 38.00 -1.467 32.000 -0.300 11.47 22.00 0.000 32.000 -0.900 10.00 22.00 0.000 16.000 -0.900 10.00 38.00 -0.351 0.003 -0.936
q 0 0.000 16.000 -0.900 10.00 38.00 0.000 32.000 -0.900 10.00 22.00 1.467 32.000 -0.300 8.53 22.00 1.733 16.000 -0.300 8.27 38.00 0.351 0.003 -0.936
q 0 -1.733 16.000 0.300 16.00 38.00 -1.467 32.000 0.300 16.00 22.00 -1.467 32.000 -0.300 14.00 22.00 -1.733 16.000 -0.300 14.00 38.00 -1.000 0.017 -0.000
q 0 1.733 16.000 0.300 16.00 38.00 1.733 16.000 -0.300 14.00 38.00 1.467 32.000 -0.300 14.00 22.00 1.467 32.000 0.300 16.00 22.00 1.000 0.017 0.000
q 0 -1.467 32.000 0.300 1.53 22.00 0.000 32.000 0.900 3.00 22.00 0.000 48.000 0.900 3.00 6.00 -1.200 48.000 0.300 1.80 6.00 -0.410 0.003 0.912
q 0 0.000 32.000 0.900 3.00 22.00 1.467 32.000 0.300 4.47 22.00 1.200 48.000 0.300 4.20 6.00 0.000 48.000 0.900 3.00 6.00 0.410 0.003 0.912
q 0 -1.467 32.000 -0.300 11.47 22.00 -1.200 48.000 -0.300 11.20 6.00 0.000 48.000 -0.900 10.00 6.00 0.000 32.000 -0.900 10.00 22.00 -0.410 0.003 -0.912
q 0 0.000 32.000 -0.900 10.00 22.00 0.000 48.000 -0.900 10.00 6.00 1.200 48.000 -0.300 8.80 6.00 1.467 32.000 -0.300 8.53 22.00 0.410 0.003 -0.912
q 0 -1.467 32.000 0.300 16.00 22.00 -1.200 48.000 0.300 16.00 6.00 -1.200 48.000 -0.300 14.00 6.00 -1.467 32.000 -0.300 14.00 22.00 -1.000 0.017 -0.000
q 0 1.467 32.000 0.300 16.00 22.00 1.467 32.000 -0.300 14.00 22.00 1.200 48.000 -0.300 14.00 6.00 1.200 48.000 0.300 16.00 6.00 1.000 0.017 0.000
q 0 -1.200 48.000 0.300 1.80 6.00 0.000 48.000 0.900 3.00 6.00 0.000 54.000 0.900 3.00 0.00 0.000 54.000 0.300 3.00 0.00 -0.705 0.071 0.705
q 0 0.000 48.000 0.900 3.00 6.00 1.200 48.000 0.300 4.20 6.00 0.000 54.000 0.300 3.00 0.00 0.000 54.000 0.900 3.00 0.00 0.705 0.071 0.705
q 0 -1.200 48.000 -0.300 11.20 6.00 0.000 54.000 -0.300 10.00 0.00 0.000 54.000 -0.900 10.00 0.00 0.000 48.000 -0.900 10.00 6.00 -0.705 0.071 -0.705
q 0 0.000 48.000 -0.900 10.00 6.00 0.000 54.000 -0.900 10.00 0.00 0.000 54.000 -0.300 10.00 0.00 1.200 48.000 -0.300 8.80 6.00 0.705 0.071 -0.705
q 0 -1.200 48.000 0.300 16.00 6.00 0.000 54.000 0.300 16.00 0.00 0.000 54.000 -0.300 14.00 0.00 -1.200 48.000 -0.300 14.00 6.00 -0.981 0.196 -0.000
q 0 1.200 48.000 0.300 16.00 6.00 1.200 48.000 -0.300 14.00 6.00 0.000 54.000 -0.300 14.00 0.00 0.000 54.000 0.300 16.00 0.00 0.981 0.196 0.000
q 0 -2.000 0.000 0.300 14.00 54.00 -2.000 0.000 -0.300 14.00 54.50 0.000 0.000 -0.900 15.00 54.50 0.000 0.000 0.900 15.00 54.00 -0.000 -1.000 -0.000
q 0 0.000 0.000 0.900 15.00 54.00 0.000 0.000 -0.900 15.00 54.50 2.000 0.000 -0.300 16.00 54.50 2.000 0.000 0.300 16.00 54.00 -0.000 -1.000 -0.000
q 0 -5.500 0.600 1.000 19.00 2.00 5.500 0.600 1.000 30.00 2.00 5.500 0.600 -1.000 30.00 0.00 -5.500 0.600 -1.000 19.00 0.00 0.000 1.000 0.000
q 0 -5.500 -1.200 -1.000 30.00 0.00 5.500 -1.200 -1.000 41.00 0.00 5.500 -1.200 1.000 41.00 2.00 -5.500 -1.200 1.000 30.00 2.00 0.000 -1.000 0.000
q 0 -5.500 -1.200 -1.000 17.00 4.00 -5.500 -1.200 1.000 19.00 4.00 -5.500 0.600 1.000 19.00 2.00 -5.500 0.600 -1.000 17.00 2.00 -1.000 0.000 0.000
q 0 5.500 -1.200 -1.000 19.00 4.00 -5.500 -1.200 -1.000 30.00 4.00 -5.500 0.600 -1.000 30.00 2.00 5.500 0.600 -1.000 19.00 2.00 0.000 0.000 -1.000
q 0 5.500 -1.200 1.000 30.00 4.00 5.500 -1.200 -1.000 32.00 4.00 5.500 0.600 -1.000 32.00 2.00 5.500 0.600 1.000 30.00 2.00 1.000 -0.000 0.000
q 0 -5.500 -1.200 1.000 32.00 4.00 5.500 -1.200 1.000 43.00 4.00 5.500 0.600 1.000 43.00 2.00 -5.500 0.600 1.000 32.00 2.00 0.000 -0.000 1.000
q 0 -6.100 -1.200 0.800 46.00 2.00 -4.900 -1.200 0.800 48.00 2.00 -4.900 -1.200 -0.800 48.00 0.00 -6.100 -1.200 -0.800 46.00 0.00 0.000 1.000 0.000
q 0 -6.100 -2.600 -0.800 48.00 0.00 -4.900 -2.600 -0.800 50.00 0.00 -4.900 -2.600 0.800 50.00 2.00 -6.100 -2.600 0.800 48.00 2.00 0.000 -1.000 0.000
q 0 -6.100 -2.600 -0.800 44.00 4.00 -6.100 -2.600 0.800 46.00 4.00 -6.100 -1.200 0.800 46.00 2.00 -6.100 -1.200 -0.800 44.00 2.00 -1.000 0.000 0.000
q 0 -4.900 -2.600 -0.800 46.00 4.00 -6.100 -2.600 -0.800 48.00 4.00 -6.100 -1.200 -0.800 48.00 2.00 -4.900 -1.200 -0.800 46.00 2.00 0.000 0.000 -1.000
q 0 -4.900 -2.600 0.800 48.00 4.00 -4.900 -2.600 -0.800 50.00 4.00 -4.900 -1.200 -0.800 50.00 2.00 -4.900 -1.200 0.800 48.00 2.00 1.000 -0.000 0.000
q 0 -6.100 -2.600 0.800 50.00 4.00 -4.900 -2.600 0.800 52.00 4.00 -4.900 -1.200 0.800 52.00 2.00 -6.100 -1.200 0.800 50.00 2.00 0.000 -0.000 1.000
q 0 4.900 -1.200 0.800 55.00 2.00 6.100 -1.200 0.800 57.00 2.00 6.100 -1.200 -0.800 57.00 0.00 4.900 -1.200 -0.800 55.00 0.00 0.000 1.000 0.000
q 0 4.900 -2.600 -0.800 57.00 0.00 6.100 -2.600 -0.800 59.00 0.00 6.100 -2.600 0.800 59.00 2.00 4.900 -2.600 0.800 57.00 2.00 0.000 -1.000 0.000
q 0 4.900 -2.600 -0.800 53.00 4.00 4.900 -2.600 0.800 55.00 4.00 4.900 -1.200 0.800 55.00 2.00 4.900 -1.200 -0.800 53.00 2.00 -1.000 0.000 0.000
q 0 6.100 -2.600 -0.800 55.00 4.00 4.900 -2.600 -0.800 57.00 4.00 4.900 -1.200 -0.800 57.00 2.00 6.100 -1.200 -0.800 55.00 2.00 0.000 0.000 -1.000
q 0 6.100 -2.600 0.800 57.00 4.00 6.100 -2.600 -0.800 59.00 4.00 6.100 -1.200 -0.800 59.00 2.00 6.100 -1.200 0.800 57.00 2.00 1.000 -0.000 0.000
q 0 4.900 -2.600 0.800 59.00 4.00 6.100 -2.600 0.800 61.00 4.00 6.100 -1.200 0.800 61.00 2.00 4.900 -1.200 0.800 59.00 2.00 0.000 -0.000 1.000
q 0 -1.100 -1.200 1.100 65.00 3.00 1.100 -1.200 1.100 68.00 3.00 1.100 -1.200 -1.100 68.00 0.00 -1.100 -1.200 -1.100 65.00 0.00 0.000 1.000 0.000
q 0 -1.100 -14.000 -1.100 68.00 0.00 1.100 -14.000 -1.100 71.00 0.00 1.100 -14.000 1.100 71.00 3.00 -1.100 -14.000 1.100 68.00 3.00 0.000 -1.000 0.000
q 0 -1.100 -14.000 -1.100 62.00 16.00 -1.100 -14.000 1.100 65.00 16.00 -1.100 -1.200 1.100 65.00 3.00 -1.100 -1.200 -1.100 62.00 3.00 -1.000 0.000 0.000
q 0 1.100 -14.000 -1.100 65.00 16.00 -1.100 -14.000 -1.100 68.00 16.00 -1.100 -1.200 -1.100 68.00 3.00 1.100 -1.200 -1.100 65.00 3.00 0.000 0.000 -1.000
q 0 1.100 -14.000 1.100 68.00 16.00 1.100 -14.000 -1.100 71.00 16.00 1.100 -1.200 -1.100 71.00 3.00 1.100 -1.200 1.100 68.00 3.00 1.000 -0.000 0.000
q 0 -1.100 -14.000 1.100 71.00 16.00 1.100 -14.000 1.100 74.00 16.00 1.100 -1.200 1.100 74.00 3.00 -1.100 -1.200 1.100 71.00 3.00 0.000 -0.000 1.000
q 0 -1.800 -14.000 1.800 79.00 4.00 1.800 -14.000 1.800 83.00 4.00 1.800 -14.000 -1.800 83.00 0.00 -1.800 -14.000 -1.800 79.00 0.00 0.000 1.000 0.000
q 0 -1.800 -16.400 -1.800 83.00 0.00 1.800 -16.400 -1.800 87.00 0.00 1.800 -16.400 1.800 87.00 4.00 -1.800 -16.400 1.800 83.00 4.00 0.000 -1.000 0.000
q 0 -1.800 -16.400 -1.800 75.00 7.00 -1.800 -16.400 1.800 79.00 7.00 -1.800 -14.000 1.800 79.00 4.00 -1.800 -14.000 -1.800 75.00 4.00 -1.000 0.000 0.000
q 0 1.800 -16.400 -1.800 79.00 7.00 -1.800 -16.400 -1.800 83.00 7.00 -1.800 -14.000 -1.800 83.00 4.00 1.800 -14.000 -1.800 79.00 4.00 0.000 0.000 -1.000
q 2 1.800 -16.400 -1.800 79.00 7.00 -1.800 -16.400 -1.800 83.00 7.00 -1.800 -14.000 -1.800 83.00 4.00 1.800 -14.000 -1.800 79.00 4.00 0.000 0.000 -1.000
q 0 1.800 -16.400 1.800 83.00 7.00 1.800 -16.400 -1.800 87.00 7.00 1.800 -14.000 -1.800 87.00 4.00 1.800 -14.000 1.800 83.00 4.00 1.000 -0.000 0.000
q 0 -1.800 -16.400 1.800 87.00 7.00 1.800 -16.400 1.800 91.00 7.00 1.800 -14.000 1.800 91.00 4.00 -1.800 -14.000 1.800 87.00 4.00 0.000 -0.000 1.000
q 2 -1.800 -16.400 1.800 87.00 7.00 1.800 -16.400 1.800 91.00 7.00 1.800 -14.000 1.800 91.00 4.00 -1.800 -14.000 1.800 87.00 4.00 0.000 -0.000 1.000
