# generated by tools/gen_weapon_models.py (magic_tool_spear)
place 0.19438 0.17955 44.209 0.020470 -40.000
glow 78F0FA 0.08 0.4 0.9
q 0 -2.200 0.000 0.300 2.80 14.00 0.000 0.000 0.900 5.00 14.00 0.000 5.000 0.900 5.00 9.00 -3.200 5.000 0.300 1.80 9.00 -0.217 -0.022 0.976
q 2 -2.200 0.000 0.300 2.80 14.00 0.000 0.000 0.900 5.00 14.00 0.000 5.000 0.900 5.00 9.00 -3.200 5.000 0.300 1.80 9.00 -0.217 -0.022 0.976
q 0 0.000 0.000 0.900 5.00 14.00 2.200 0.000 0.300 7.20 14.00 3.200 5.000 0.300 8.20 9.00 0.000 5.000 0.900 5.00 9.00 0.217 -0.022 0.976
q 2 0.000 0.000 0.900 5.00 14.00 2.200 0.000 0.300 7.20 14.00 3.200 5.000 0.300 8.20 9.00 0.000 5.000 0.900 5.00 9.00 0.217 -0.022 0.976
q 0 -2.200 0.000 -0.300 18.20 14.00 -3.200 5.000 -0.300 19.20 9.00 0.000 5.000 -0.900 16.00 9.00 0.000 0.000 -0.900 16.00 14.00 -0.217 -0.022 -0.976
q 2 -2.200 0.000 -0.300 18.20 14.00 -3.200 5.000 -0.300 19.20 9.00 0.000 5.000 -0.900 16.00 9.00 0.000 0.000 -0.900 16.00 14.00 -0.217 -0.022 -0.976
q 0 0.000 0.000 -0.900 16.00 14.00 0.000 5.000 -0.900 16.00 9.00 3.200 5.000 -0.300 12.80 9.00 2.200 0.000 -0.300 13.80 14.00 0.217 -0.022 -0.976
q 2 0.000 0.000 -0.900 16.00 14.00 0.000 5.000 -0.900 16.00 9.00 3.200 5.000 -0.300 12.80 9.00 2.200 0.000 -0.300 13.80 14.00 0.217 -0.022 -0.976
q 0 -2.200 0.000 0.300 24.00 14.00 -3.200 5.000 0.300 24.00 9.00 -3.200 5.000 -0.300 22.00 9.00 -2.200 0.000 -0.300 22.00 14.00 -0.981 -0.196 -0.000
q 0 2.200 0.000 0.300 24.00 14.00 2.200 0.000 -0.300 22.00 14.00 3.200 5.000 -0.300 22.00 9.00 3.200 5.000 0.300 24.00 9.00 0.981 -0.196 0.000
q 0 -3.200 5.000 0.300 1.80 9.00 0.000 5.000 0.900 5.00 9.00 0.000 11.000 0.900 5.00 3.00 -1.600 11.000 0.300 3.40 3.00 -0.242 0.032 0.970
q 2 -3.200 5.000 0.300 1.80 9.00 0.000 5.000 0.900 5.00 9.00 0.000 11.000 0.900 5.00 3.00 -1.600 11.000 0.300 3.40 3.00 -0.242 0.032 0.970
q 0 0.000 5.000 0.900 5.00 9.00 3.200 5.000 0.300 8.20 9.00 1.600 11.000 0.300 6.60 3.00 0.000 11.000 0.900 5.00 3.00 0.242 0.032 0.970
q 2 0.000 5.000 0.900 5.00 9.00 3.200 5.000 0.300 8.20 9.00 1.600 11.000 0.300 6.60 3.00 0.000 11.000 0.900 5.00 3.00 0.242 0.032 0.970
q 0 -3.200 5.000 -0.300 19.20 9.00 -1.600 11.000 -0.300 17.60 3.00 0.000 11.000 -0.900 16.00 3.00 0.000 5.000 -0.900 16.00 9.00 -0.242 0.032 -0.970
q 2 -3.200 5.000 -0.300 19.20 9.00 -1.600 11.000 -0.300 17.60 3.00 0.000 11.000 -0.900 16.00 3.00 0.000 5.000 -0.900 16.00 9.00 -0.242 0.032 -0.970
q 0 0.000 5.000 -0.900 16.00 9.00 0.000 11.000 -0.900 16.00 3.00 1.600 11.000 -0.300 14.40 3.00 3.200 5.000 -0.300 12.80 9.00 0.242 0.032 -0.970
q 2 0.000 5.000 -0.900 16.00 9.00 0.000 11.000 -0.900 16.00 3.00 1.600 11.000 -0.300 14.40 3.00 3.200 5.000 -0.300 12.80 9.00 0.242 0.032 -0.970
q 0 -3.200 5.000 0.300 24.00 9.00 -1.600 11.000 0.300 24.00 3.00 -1.600 11.000 -0.300 22.00 3.00 -3.200 5.000 -0.300 22.00 9.00 -0.966 0.258 -0.000
q 0 3.200 5.000 0.300 24.00 9.00 3.200 5.000 -0.300 22.00 9.00 1.600 11.000 -0.300 22.00 3.00 1.600 11.000 0.300 24.00 3.00 0.966 0.258 0.000
q 0 -1.600 11.000 0.300 3.40 3.00 0.000 11.000 0.900 5.00 3.00 0.000 14.000 0.900 5.00 0.00 0.000 14.000 0.300 5.00 0.00 -0.592 0.158 0.790
q 2 -1.600 11.000 0.300 3.40 3.00 0.000 11.000 0.900 5.00 3.00 0.000 14.000 0.900 5.00 0.00 0.000 14.000 0.300 5.00 0.00 -0.592 0.158 0.790
q 0 0.000 11.000 0.900 5.00 3.00 1.600 11.000 0.300 6.60 3.00 0.000 14.000 0.300 5.00 0.00 0.000 14.000 0.900 5.00 0.00 0.592 0.158 0.790
q 2 0.000 11.000 0.900 5.00 3.00 1.600 11.000 0.300 6.60 3.00 0.000 14.000 0.300 5.00 0.00 0.000 14.000 0.900 5.00 0.00 0.592 0.158 0.790
q 0 -1.600 11.000 -0.300 17.60 3.00 0.000 14.000 -0.300 16.00 0.00 0.000 14.000 -0.900 16.00 0.00 0.000 11.000 -0.900 16.00 3.00 -0.592 0.158 -0.790
q 2 -1.600 11.000 -0.300 17.60 3.00 0.000 14.000 -0.300 16.00 0.00 0.000 14.000 -0.900 16.00 0.00 0.000 11.000 -0.900 16.00 3.00 -0.592 0.158 -0.790
q 0 0.000 11.000 -0.900 16.00 3.00 0.000 14.000 -0.900 16.00 0.00 0.000 14.000 -0.300 16.00 0.00 1.600 11.000 -0.300 14.40 3.00 0.592 0.158 -0.790
q 2 0.000 11.000 -0.900 16.00 3.00 0.000 14.000 -0.900 16.00 0.00 0.000 14.000 -0.300 16.00 0.00 1.600 11.000 -0.300 14.40 3.00 0.592 0.158 -0.790
q 0 -1.600 11.000 0.300 24.00 3.00 0.000 14.000 0.300 24.00 0.00 0.000 14.000 -0.300 22.00 0.00 -1.600 11.000 -0.300 22.00 3.00 -0.882 0.471 -0.000
q 0 1.600 11.000 0.300 24.00 3.00 1.600 11.000 -0.300 22.00 3.00 0.000 14.000 -0.300 22.00 0.00 0.000 14.000 0.300 24.00 0.00 0.882 0.471 0.000
q 0 -2.200 0.000 0.300 22.00 14.00 -2.200 0.000 -0.300 22.00 14.50 0.000 0.000 -0.900 23.00 14.50 0.000 0.000 0.900 23.00 14.00 -0.000 -1.000 -0.000
q 0 0.000 0.000 0.900 23.00 14.00 0.000 0.000 -0.900 23.00 14.50 2.200 0.000 -0.300 24.00 14.50 2.200 0.000 0.300 24.00 14.00 -0.000 -1.000 -0.000
q 0 -1.300 0.000 1.300 28.00 3.00 1.300 0.000 1.300 31.00 3.00 1.300 0.000 -1.300 31.00 0.00 -1.300 0.000 -1.300 28.00 0.00 0.000 1.000 0.000
q 0 -1.300 -3.000 -1.300 31.00 0.00 1.300 -3.000 -1.300 34.00 0.00 1.300 -3.000 1.300 34.00 3.00 -1.300 -3.000 1.300 31.00 3.00 0.000 -1.000 0.000
q 0 -1.300 -3.000 -1.300 25.00 6.00 -1.300 -3.000 1.300 28.00 6.00 -1.300 0.000 1.300 28.00 3.00 -1.300 0.000 -1.300 25.00 3.00 -1.000 0.000 0.000
q 0 1.300 -3.000 -1.300 28.00 6.00 -1.300 -3.000 -1.300 31.00 6.00 -1.300 0.000 -1.300 31.00 3.00 1.300 0.000 -1.300 28.00 3.00 0.000 0.000 -1.000
q 0 1.300 -3.000 1.300 31.00 6.00 1.300 -3.000 -1.300 34.00 6.00 1.300 0.000 -1.300 34.00 3.00 1.300 0.000 1.300 31.00 3.00 1.000 -0.000 0.000
q 0 -1.300 -3.000 1.300 34.00 6.00 1.300 -3.000 1.300 37.00 6.00 1.300 0.000 1.300 37.00 3.00 -1.300 0.000 1.300 34.00 3.00 0.000 -0.000 1.000
q 0 -0.900 -3.000 0.900 40.00 2.00 0.900 -3.000 0.900 42.00 2.00 0.900 -3.000 -0.900 42.00 0.00 -0.900 -3.000 -0.900 40.00 0.00 0.000 1.000 0.000
q 0 -0.900 -38.000 -0.900 42.00 0.00 0.900 -38.000 -0.900 44.00 0.00 0.900 -38.000 0.900 44.00 2.00 -0.900 -38.000 0.900 42.00 2.00 0.000 -1.000 0.000
q 0 -0.900 -38.000 -0.900 38.00 37.00 -0.900 -38.000 0.900 40.00 37.00 -0.900 -3.000 0.900 40.00 2.00 -0.900 -3.000 -0.900 38.00 2.00 -1.000 0.000 0.000
q 0 0.900 -38.000 -0.900 40.00 37.00 -0.900 -38.000 -0.900 42.00 37.00 -0.900 -3.000 -0.900 42.00 2.00 0.900 -3.000 -0.900 40.00 2.00 0.000 0.000 -1.000
q 0 0.900 -38.000 0.900 42.00 37.00 0.900 -38.000 -0.900 44.00 37.00 0.900 -3.000 -0.900 44.00 2.00 0.900 -3.000 0.900 42.00 2.00 1.000 -0.000 0.000
q 0 -0.900 -38.000 0.900 44.00 37.00 0.900 -38.000 0.900 46.00 37.00 0.900 -3.000 0.900 46.00 2.00 -0.900 -3.000 0.900 44.00 2.00 0.000 -0.000 1.000
q 0 -1.200 -38.000 1.200 50.00 3.00 1.200 -38.000 1.200 53.00 3.00 1.200 -38.000 -1.200 53.00 0.00 -1.200 -38.000 -1.200 50.00 0.00 0.000 1.000 0.000
q 0 -1.200 -40.000 -1.200 53.00 0.00 1.200 -40.000 -1.200 56.00 0.00 1.200 -40.000 1.200 56.00 3.00 -1.200 -40.000 1.200 53.00 3.00 0.000 -1.000 0.000
q 0 -1.200 -40.000 -1.200 47.00 5.00 -1.200 -40.000 1.200 50.00 5.00 -1.200 -38.000 1.200 50.00 3.00 -1.200 -38.000 -1.200 47.00 3.00 -1.000 0.000 0.000
q 0 1.200 -40.000 -1.200 50.00 5.00 -1.200 -40.000 -1.200 53.00 5.00 -1.200 -38.000 -1.200 53.00 3.00 1.200 -38.000 -1.200 50.00 3.00 0.000 0.000 -1.000
q 0 1.200 -40.000 1.200 53.00 5.00 1.200 -40.000 -1.200 56.00 5.00 1.200 -38.000 -1.200 56.00 3.00 1.200 -38.000 1.200 53.00 3.00 1.000 -0.000 0.000
q 0 -1.200 -40.000 1.200 56.00 5.00 1.200 -40.000 1.200 59.00 5.00 1.200 -38.000 1.200 59.00 3.00 -1.200 -38.000 1.200 56.00 3.00 0.000 -0.000 1.000
