# generated by tools/gen_weapon_models.py (magic_tool_sword)
place 0.19394 0.17984 44.089 0.025707 -13.000
glow 78F0FA 0.08 0.5 1.0
q 0 -2.600 0.000 0.350 1.40 30.00 0.000 0.000 0.900 4.00 30.00 0.000 13.000 0.900 4.00 17.00 -2.400 13.000 0.350 1.60 17.00 -0.215 0.002 0.977
q 0 0.000 0.000 0.900 4.00 30.00 2.600 0.000 0.350 6.60 30.00 2.400 13.000 0.350 6.40 17.00 0.000 13.000 0.900 4.00 17.00 0.215 0.002 0.977
q 0 -2.600 0.000 -0.350 15.60 30.00 -2.400 13.000 -0.350 15.40 17.00 0.000 13.000 -0.900 13.00 17.00 0.000 0.000 -0.900 13.00 30.00 -0.215 0.002 -0.977
q 0 0.000 0.000 -0.900 13.00 30.00 0.000 13.000 -0.900 13.00 17.00 2.400 13.000 -0.350 10.60 17.00 2.600 0.000 -0.350 10.40 30.00 0.215 0.002 -0.977
q 0 -2.600 0.000 0.350 20.00 30.00 -2.400 13.000 0.350 20.00 17.00 -2.400 13.000 -0.350 18.00 17.00 -2.600 0.000 -0.350 18.00 30.00 -1.000 0.015 -0.000
q 0 2.600 0.000 0.350 20.00 30.00 2.600 0.000 -0.350 18.00 30.00 2.400 13.000 -0.350 18.00 17.00 2.400 13.000 0.350 20.00 17.00 1.000 0.015 0.000
q 0 -2.400 13.000 0.350 1.60 17.00 0.000 13.000 0.900 4.00 17.00 0.000 26.000 0.900 4.00 4.00 -2.200 26.000 0.350 1.80 4.00 -0.233 0.002 0.973
q 0 0.000 13.000 0.900 4.00 17.00 2.400 13.000 0.350 6.40 17.00 2.200 26.000 0.350 6.20 4.00 0.000 26.000 0.900 4.00 4.00 0.233 0.002 0.973
q 0 -2.400 13.000 -0.350 15.40 17.00 -2.200 26.000 -0.350 15.20 4.00 0.000 26.000 -0.900 13.00 4.00 0.000 13.000 -0.900 13.00 17.00 -0.233 0.002 -0.973
q 0 0.000 13.000 -0.900 13.00 17.00 0.000 26.000 -0.900 13.00 4.00 2.200 26.000 -0.350 10.80 4.00 2.400 13.000 -0.350 10.60 17.00 0.233 0.002 -0.973
q 0 -2.400 13.000 0.350 20.00 17.00 -2.200 26.000 0.350 20.00 4.00 -2.200 26.000 -0.350 18.00 4.00 -2.400 13.000 -0.350 18.00 17.00 -1.000 0.015 -0.000
q 0 2.400 13.000 0.350 20.00 17.00 2.400 13.000 -0.350 18.00 17.00 2.200 26.000 -0.350 18.00 4.00 2.200 26.000 0.350 20.00 4.00 1.000 0.015 0.000
q 0 -2.200 26.000 0.350 1.80 4.00 0.000 26.000 0.900 4.00 4.00 0.000 30.000 0.900 4.00 0.00 0.000 30.000 0.350 4.00 0.00 -0.444 0.122 0.888
q 0 0.000 26.000 0.900 4.00 4.00 2.200 26.000 0.350 6.20 4.00 0.000 30.000 0.350 4.00 0.00 0.000 30.000 0.900 4.00 0.00 0.444 0.122 0.888
q 0 -2.200 26.000 -0.350 15.20 4.00 0.000 30.000 -0.350 13.00 0.00 0.000 30.000 -0.900 13.00 0.00 0.000 26.000 -0.900 13.00 4.00 -0.444 0.122 -0.888
q 0 0.000 26.000 -0.900 13.00 4.00 0.000 30.000 -0.900 13.00 0.00 0.000 30.000 -0.350 13.00 0.00 2.200 26.000 -0.350 10.80 4.00 0.444 0.122 -0.888
q 0 -2.200 26.000 0.350 20.00 4.00 0.000 30.000 0.350 20.00 0.00 0.000 30.000 -0.350 18.00 0.00 -2.200 26.000 -0.350 18.00 4.00 -0.876 0.482 -0.000
q 0 2.200 26.000 0.350 20.00 4.00 2.200 26.000 -0.350 18.00 4.00 0.000 30.000 -0.350 18.00 0.00 0.000 30.000 0.350 20.00 0.00 0.876 0.482 0.000
q 0 -2.600 0.000 0.350 18.00 30.00 -2.600 0.000 -0.350 18.00 30.50 0.000 0.000 -0.900 19.00 30.50 0.000 0.000 0.900 19.00 30.00 -0.000 -1.000 -0.000
q 0 0.000 0.000 0.900 19.00 30.00 0.000 0.000 -0.900 19.00 30.50 2.600 0.000 -0.350 20.00 30.50 2.600 0.000 0.350 20.00 30.00 -0.000 -1.000 -0.000
q 0 -6.000 0.200 1.400 24.00 3.00 6.000 0.200 1.400 36.00 3.00 6.000 0.200 -1.400 36.00 0.00 -6.000 0.200 -1.400 24.00 0.00 0.000 1.000 0.000
q 0 -6.000 -2.000 -1.400 36.00 0.00 6.000 -2.000 -1.400 48.00 0.00 6.000 -2.000 1.400 48.00 3.00 -6.000 -2.000 1.400 36.00 3.00 0.000 -1.000 0.000
q 0 -6.000 -2.000 -1.400 21.00 6.00 -6.000 -2.000 1.400 24.00 6.00 -6.000 0.200 1.400 24.00 3.00 -6.000 0.200 -1.400 21.00 3.00 -1.000 0.000 0.000
q 0 6.000 -2.000 -1.400 24.00 6.00 -6.000 -2.000 -1.400 36.00 6.00 -6.000 0.200 -1.400 36.00 3.00 6.000 0.200 -1.400 24.00 3.00 0.000 0.000 -1.000
q 0 6.000 -2.000 1.400 36.00 6.00 6.000 -2.000 -1.400 39.00 6.00 6.000 0.200 -1.400 39.00 3.00 6.000 0.200 1.400 36.00 3.00 1.000 -0.000 0.000
q 0 -6.000 -2.000 1.400 39.00 6.00 6.000 -2.000 1.400 51.00 6.00 6.000 0.200 1.400 51.00 3.00 -6.000 0.200 1.400 39.00 3.00 0.000 -0.000 1.000
q 0 -1.200 -2.000 1.200 55.00 3.00 1.200 -2.000 1.200 58.00 3.00 1.200 -2.000 -1.200 58.00 0.00 -1.200 -2.000 -1.200 55.00 0.00 0.000 1.000 0.000
q 0 -1.200 -10.000 -1.200 58.00 0.00 1.200 -10.000 -1.200 61.00 0.00 1.200 -10.000 1.200 61.00 3.00 -1.200 -10.000 1.200 58.00 3.00 0.000 -1.000 0.000
q 0 -1.200 -10.000 -1.200 52.00 11.00 -1.200 -10.000 1.200 55.00 11.00 -1.200 -2.000 1.200 55.00 3.00 -1.200 -2.000 -1.200 52.00 3.00 -1.000 0.000 0.000
q 0 1.200 -10.000 -1.200 55.00 11.00 -1.200 -10.000 -1.200 58.00 11.00 -1.200 -2.000 -1.200 58.00 3.00 1.200 -2.000 -1.200 55.00 3.00 0.000 0.000 -1.000
q 0 1.200 -10.000 1.200 58.00 11.00 1.200 -10.000 -1.200 61.00 11.00 1.200 -2.000 -1.200 61.00 3.00 1.200 -2.000 1.200 58.00 3.00 1.000 -0.000 0.000
q 0 -1.200 -10.000 1.200 61.00 11.00 1.200 -10.000 1.200 64.00 11.00 1.200 -2.000 1.200 64.00 3.00 -1.200 -2.000 1.200 61.00 3.00 0.000 -0.000 1.000
q 0 -2.000 -10.000 2.000 69.00 4.00 2.000 -10.000 2.000 73.00 4.00 2.000 -10.000 -2.000 73.00 0.00 -2.000 -10.000 -2.000 69.00 0.00 0.000 1.000 0.000
q 0 -2.000 -13.000 -2.000 73.00 0.00 2.000 -13.000 -2.000 77.00 0.00 2.000 -13.000 2.000 77.00 4.00 -2.000 -13.000 2.000 73.00 4.00 0.000 -1.000 0.000
q 0 -2.000 -13.000 -2.000 65.00 7.00 -2.000 -13.000 2.000 69.00 7.00 -2.000 -10.000 2.000 69.00 4.00 -2.000 -10.000 -2.000 65.00 4.00 -1.000 0.000 0.000
q 0 2.000 -13.000 -2.000 69.00 7.00 -2.000 -13.000 -2.000 73.00 7.00 -2.000 -10.000 -2.000 73.00 4.00 2.000 -10.000 -2.000 69.00 4.00 0.000 0.000 -1.000
q 2 2.000 -13.000 -2.000 69.00 7.00 -2.000 -13.000 -2.000 73.00 7.00 -2.000 -10.000 -2.000 73.00 4.00 2.000 -10.000 -2.000 69.00 4.00 0.000 0.000 -1.000
q 0 2.000 -13.000 2.000 73.00 7.00 2.000 -13.000 -2.000 77.00 7.00 2.000 -10.000 -2.000 77.00 4.00 2.000 -10.000 2.000 73.00 4.00 1.000 -0.000 0.000
q 0 -2.000 -13.000 2.000 77.00 7.00 2.000 -13.000 2.000 81.00 7.00 2.000 -10.000 2.000 81.00 4.00 -2.000 -10.000 2.000 77.00 4.00 0.000 -0.000 1.000
q 2 -2.000 -13.000 2.000 77.00 7.00 2.000 -13.000 2.000 81.00 7.00 2.000 -10.000 2.000 81.00 4.00 -2.000 -10.000 2.000 77.00 4.00 0.000 -0.000 1.000
