# generated by tools/gen_weapon_models.py (mana_method_rune_stone)
place 0.50000 0.14375 90.000 0.047500 -7.500
glow FF8CD2 0.09 0.4 1.0
q 0 -7.500 -7.500 1.800 0.00 15.00 7.500 -7.500 1.800 15.00 15.00 7.500 7.500 1.800 15.00 0.00 -7.500 7.500 1.800 0.00 0.00 0.000 -0.000 1.000
q 2 -7.500 -7.500 1.800 0.00 15.00 7.500 -7.500 1.800 15.00 15.00 7.500 7.500 1.800 15.00 0.00 -7.500 7.500 1.800 0.00 0.00 0.000 -0.000 1.000
q 0 -7.500 -7.500 -1.800 31.00 15.00 -7.500 7.500 -1.800 31.00 0.00 7.500 7.500 -1.800 16.00 0.00 7.500 -7.500 -1.800 16.00 15.00 -0.000 0.000 -1.000
q 2 -7.500 -7.500 -1.800 31.00 15.00 -7.500 7.500 -1.800 31.00 0.00 7.500 7.500 -1.800 16.00 0.00 7.500 -7.500 -1.800 16.00 15.00 -0.000 0.000 -1.000
q 0 -0.500 7.500 1.800 7.00 0.50 0.500 7.500 1.800 8.00 0.50 0.500 7.500 -1.800 8.00 0.50 -0.500 7.500 -1.800 7.00 0.50 0.000 1.000 0.000
q 0 -1.500 6.500 1.800 6.00 1.50 -0.500 6.500 1.800 7.00 1.50 -0.500 6.500 -1.800 7.00 1.50 -1.500 6.500 -1.800 6.00 1.50 0.000 1.000 0.000
q 0 0.500 6.500 1.800 8.00 1.50 1.500 6.500 1.800 9.00 1.50 1.500 6.500 -1.800 9.00 1.50 0.500 6.500 -1.800 8.00 1.50 0.000 1.000 0.000
q 0 -2.500 5.500 1.800 5.00 2.50 -1.500 5.500 1.800 6.00 2.50 -1.500 5.500 -1.800 6.00 2.50 -2.500 5.500 -1.800 5.00 2.50 0.000 1.000 0.000
q 0 1.500 5.500 1.800 9.00 2.50 2.500 5.500 1.800 10.00 2.50 2.500 5.500 -1.800 10.00 2.50 1.500 5.500 -1.800 9.00 2.50 0.000 1.000 0.000
q 0 -3.500 4.500 1.800 4.00 3.50 -2.500 4.500 1.800 5.00 3.50 -2.500 4.500 -1.800 5.00 3.50 -3.500 4.500 -1.800 4.00 3.50 0.000 1.000 0.000
q 0 2.500 4.500 1.800 10.00 3.50 3.500 4.500 1.800 11.00 3.50 3.500 4.500 -1.800 11.00 3.50 2.500 4.500 -1.800 10.00 3.50 0.000 1.000 0.000
q 0 -4.500 3.500 1.800 3.00 4.50 -3.500 3.500 1.800 4.00 4.50 -3.500 3.500 -1.800 4.00 4.50 -4.500 3.500 -1.800 3.00 4.50 0.000 1.000 0.000
q 0 3.500 3.500 1.800 11.00 4.50 4.500 3.500 1.800 12.00 4.50 4.500 3.500 -1.800 12.00 4.50 3.500 3.500 -1.800 11.00 4.50 0.000 1.000 0.000
q 0 -5.500 2.500 1.800 2.00 5.50 -4.500 2.500 1.800 3.00 5.50 -4.500 2.500 -1.800 3.00 5.50 -5.500 2.500 -1.800 2.00 5.50 0.000 1.000 0.000
q 0 4.500 2.500 1.800 12.00 5.50 5.500 2.500 1.800 13.00 5.50 5.500 2.500 -1.800 13.00 5.50 4.500 2.500 -1.800 12.00 5.50 0.000 1.000 0.000
q 0 -6.500 1.500 1.800 1.00 6.50 -5.500 1.500 1.800 2.00 6.50 -5.500 1.500 -1.800 2.00 6.50 -6.500 1.500 -1.800 1.00 6.50 0.000 1.000 0.000
q 0 5.500 1.500 1.800 13.00 6.50 6.500 1.500 1.800 14.00 6.50 6.500 1.500 -1.800 14.00 6.50 5.500 1.500 -1.800 13.00 6.50 0.000 1.000 0.000
q 0 -7.500 0.500 1.800 0.00 7.50 -6.500 0.500 1.800 1.00 7.50 -6.500 0.500 -1.800 1.00 7.50 -7.500 0.500 -1.800 0.00 7.50 0.000 1.000 0.000
q 0 6.500 0.500 1.800 14.00 7.50 7.500 0.500 1.800 15.00 7.50 7.500 0.500 -1.800 15.00 7.50 6.500 0.500 -1.800 14.00 7.50 0.000 1.000 0.000
q 0 -7.500 -0.500 1.800 0.00 7.50 -7.500 -0.500 -1.800 0.00 7.50 -6.500 -0.500 -1.800 1.00 7.50 -6.500 -0.500 1.800 1.00 7.50 -0.000 -1.000 -0.000
q 0 6.500 -0.500 1.800 14.00 7.50 6.500 -0.500 -1.800 14.00 7.50 7.500 -0.500 -1.800 15.00 7.50 7.500 -0.500 1.800 15.00 7.50 -0.000 -1.000 -0.000
q 0 -6.500 -1.500 1.800 1.00 8.50 -6.500 -1.500 -1.800 1.00 8.50 -5.500 -1.500 -1.800 2.00 8.50 -5.500 -1.500 1.800 2.00 8.50 -0.000 -1.000 -0.000
q 0 5.500 -1.500 1.800 13.00 8.50 5.500 -1.500 -1.800 13.00 8.50 6.500 -1.500 -1.800 14.00 8.50 6.500 -1.500 1.800 14.00 8.50 -0.000 -1.000 -0.000
q 0 -5.500 -2.500 1.800 2.00 9.50 -5.500 -2.500 -1.800 2.00 9.50 -4.500 -2.500 -1.800 3.00 9.50 -4.500 -2.500 1.800 3.00 9.50 -0.000 -1.000 -0.000
q 0 4.500 -2.500 1.800 12.00 9.50 4.500 -2.500 -1.800 12.00 9.50 5.500 -2.500 -1.800 13.00 9.50 5.500 -2.500 1.800 13.00 9.50 -0.000 -1.000 -0.000
q 0 -4.500 -3.500 1.800 3.00 10.50 -4.500 -3.500 -1.800 3.00 10.50 -3.500 -3.500 -1.800 4.00 10.50 -3.500 -3.500 1.800 4.00 10.50 -0.000 -1.000 -0.000
q 0 3.500 -3.500 1.800 11.00 10.50 3.500 -3.500 -1.800 11.00 10.50 4.500 -3.500 -1.800 12.00 10.50 4.500 -3.500 1.800 12.00 10.50 -0.000 -1.000 -0.000
q 0 -3.500 -4.500 1.800 4.00 11.50 -3.500 -4.500 -1.800 4.00 11.50 -2.500 -4.500 -1.800 5.00 11.50 -2.500 -4.500 1.800 5.00 11.50 -0.000 -1.000 -0.000
q 0 2.500 -4.500 1.800 10.00 11.50 2.500 -4.500 -1.800 10.00 11.50 3.500 -4.500 -1.800 11.00 11.50 3.500 -4.500 1.800 11.00 11.50 -0.000 -1.000 -0.000
q 0 -2.500 -5.500 1.800 5.00 12.50 -2.500 -5.500 -1.800 5.00 12.50 -1.500 -5.500 -1.800 6.00 12.50 -1.500 -5.500 1.800 6.00 12.50 -0.000 -1.000 -0.000
q 0 1.500 -5.500 1.800 9.00 12.50 1.500 -5.500 -1.800 9.00 12.50 2.500 -5.500 -1.800 10.00 12.50 2.500 -5.500 1.800 10.00 12.50 -0.000 -1.000 -0.000
q 0 -1.500 -6.500 1.800 6.00 13.50 -1.500 -6.500 -1.800 6.00 13.50 -0.500 -6.500 -1.800 7.00 13.50 -0.500 -6.500 1.800 7.00 13.50 -0.000 -1.000 -0.000
q 0 0.500 -6.500 1.800 8.00 13.50 0.500 -6.500 -1.800 8.00 13.50 1.500 -6.500 -1.800 9.00 13.50 1.500 -6.500 1.800 9.00 13.50 -0.000 -1.000 -0.000
q 0 -0.500 -7.500 1.800 7.00 14.50 -0.500 -7.500 -1.800 7.00 14.50 0.500 -7.500 -1.800 8.00 14.50 0.500 -7.500 1.800 8.00 14.50 -0.000 -1.000 -0.000
q 0 -7.500 0.500 1.800 0.50 7.00 -7.500 0.500 -1.800 0.50 7.00 -7.500 -0.500 -1.800 0.50 8.00 -7.500 -0.500 1.800 0.50 8.00 -1.000 -0.000 -0.000
q 0 -6.500 1.500 1.800 1.50 6.00 -6.500 1.500 -1.800 1.50 6.00 -6.500 0.500 -1.800 1.50 7.00 -6.500 0.500 1.800 1.50 7.00 -1.000 -0.000 -0.000
q 0 -6.500 -0.500 1.800 1.50 8.00 -6.500 -0.500 -1.800 1.50 8.00 -6.500 -1.500 -1.800 1.50 9.00 -6.500 -1.500 1.800 1.50 9.00 -1.000 -0.000 -0.000
q 0 -5.500 2.500 1.800 2.50 5.00 -5.500 2.500 -1.800 2.50 5.00 -5.500 1.500 -1.800 2.50 6.00 -5.500 1.500 1.800 2.50 6.00 -1.000 -0.000 -0.000
q 0 -5.500 -1.500 1.800 2.50 9.00 -5.500 -1.500 -1.800 2.50 9.00 -5.500 -2.500 -1.800 2.50 10.00 -5.500 -2.500 1.800 2.50 10.00 -1.000 -0.000 -0.000
q 0 -4.500 3.500 1.800 3.50 4.00 -4.500 3.500 -1.800 3.50 4.00 -4.500 2.500 -1.800 3.50 5.00 -4.500 2.500 1.800 3.50 5.00 -1.000 -0.000 -0.000
q 0 -4.500 -2.500 1.800 3.50 10.00 -4.500 -2.500 -1.800 3.50 10.00 -4.500 -3.500 -1.800 3.50 11.00 -4.500 -3.500 1.800 3.50 11.00 -1.000 -0.000 -0.000
q 0 -3.500 4.500 1.800 4.50 3.00 -3.500 4.500 -1.800 4.50 3.00 -3.500 3.500 -1.800 4.50 4.00 -3.500 3.500 1.800 4.50 4.00 -1.000 -0.000 -0.000
q 0 -3.500 -3.500 1.800 4.50 11.00 -3.500 -3.500 -1.800 4.50 11.00 -3.500 -4.500 -1.800 4.50 12.00 -3.500 -4.500 1.800 4.50 12.00 -1.000 -0.000 -0.000
q 0 -2.500 5.500 1.800 5.50 2.00 -2.500 5.500 -1.800 5.50 2.00 -2.500 4.500 -1.800 5.50 3.00 -2.500 4.500 1.800 5.50 3.00 -1.000 -0.000 -0.000
q 0 -2.500 -4.500 1.800 5.50 12.00 -2.500 -4.500 -1.800 5.50 12.00 -2.500 -5.500 -1.800 5.50 13.00 -2.500 -5.500 1.800 5.50 13.00 -1.000 -0.000 -0.000
q 0 -1.500 6.500 1.800 6.50 1.00 -1.500 6.500 -1.800 6.50 1.00 -1.500 5.500 -1.800 6.50 2.00 -1.500 5.500 1.800 6.50 2.00 -1.000 -0.000 -0.000
q 0 -1.500 -5.500 1.800 6.50 13.00 -1.500 -5.500 -1.800 6.50 13.00 -1.500 -6.500 -1.800 6.50 14.00 -1.500 -6.500 1.800 6.50 14.00 -1.000 -0.000 -0.000
q 0 -0.500 7.500 1.800 7.50 0.00 -0.500 7.500 -1.800 7.50 0.00 -0.500 6.500 -1.800 7.50 1.00 -0.500 6.500 1.800 7.50 1.00 -1.000 -0.000 -0.000
q 0 -0.500 -6.500 1.800 7.50 14.00 -0.500 -6.500 -1.800 7.50 14.00 -0.500 -7.500 -1.800 7.50 15.00 -0.500 -7.500 1.800 7.50 15.00 -1.000 -0.000 -0.000
q 0 0.500 7.500 1.800 7.50 0.00 0.500 6.500 1.800 7.50 1.00 0.500 6.500 -1.800 7.50 1.00 0.500 7.500 -1.800 7.50 0.00 1.000 0.000 0.000
q 0 0.500 -6.500 1.800 7.50 14.00 0.500 -7.500 1.800 7.50 15.00 0.500 -7.500 -1.800 7.50 15.00 0.500 -6.500 -1.800 7.50 14.00 1.000 0.000 0.000
q 0 1.500 6.500 1.800 8.50 1.00 1.500 5.500 1.800 8.50 2.00 1.500 5.500 -1.800 8.50 2.00 1.500 6.500 -1.800 8.50 1.00 1.000 0.000 0.000
q 0 1.500 -5.500 1.800 8.50 13.00 1.500 -6.500 1.800 8.50 14.00 1.500 -6.500 -1.800 8.50 14.00 1.500 -5.500 -1.800 8.50 13.00 1.000 0.000 0.000
q 0 2.500 5.500 1.800 9.50 2.00 2.500 4.500 1.800 9.50 3.00 2.500 4.500 -1.800 9.50 3.00 2.500 5.500 -1.800 9.50 2.00 1.000 0.000 0.000
q 0 2.500 -4.500 1.800 9.50 12.00 2.500 -5.500 1.800 9.50 13.00 2.500 -5.500 -1.800 9.50 13.00 2.500 -4.500 -1.800 9.50 12.00 1.000 0.000 0.000
q 0 3.500 4.500 1.800 10.50 3.00 3.500 3.500 1.800 10.50 4.00 3.500 3.500 -1.800 10.50 4.00 3.500 4.500 -1.800 10.50 3.00 1.000 0.000 0.000
q 0 3.500 -3.500 1.800 10.50 11.00 3.500 -4.500 1.800 10.50 12.00 3.500 -4.500 -1.800 10.50 12.00 3.500 -3.500 -1.800 10.50 11.00 1.000 0.000 0.000
q 0 4.500 3.500 1.800 11.50 4.00 4.500 2.500 1.800 11.50 5.00 4.500 2.500 -1.800 11.50 5.00 4.500 3.500 -1.800 11.50 4.00 1.000 0.000 0.000
q 0 4.500 -2.500 1.800 11.50 10.00 4.500 -3.500 1.800 11.50 11.00 4.500 -3.500 -1.800 11.50 11.00 4.500 -2.500 -1.800 11.50 10.00 1.000 0.000 0.000
q 0 5.500 2.500 1.800 12.50 5.00 5.500 1.500 1.800 12.50 6.00 5.500 1.500 -1.800 12.50 6.00 5.500 2.500 -1.800 12.50 5.00 1.000 0.000 0.000
q 0 5.500 -1.500 1.800 12.50 9.00 5.500 -2.500 1.800 12.50 10.00 5.500 -2.500 -1.800 12.50 10.00 5.500 -1.500 -1.800 12.50 9.00 1.000 0.000 0.000
q 0 6.500 1.500 1.800 13.50 6.00 6.500 0.500 1.800 13.50 7.00 6.500 0.500 -1.800 13.50 7.00 6.500 1.500 -1.800 13.50 6.00 1.000 0.000 0.000
q 0 6.500 -0.500 1.800 13.50 8.00 6.500 -1.500 1.800 13.50 9.00 6.500 -1.500 -1.800 13.50 9.00 6.500 -0.500 -1.800 13.50 8.00 1.000 0.000 0.000
q 0 7.500 0.500 1.800 14.50 7.00 7.500 -0.500 1.800 14.50 8.00 7.500 -0.500 -1.800 14.50 8.00 7.500 0.500 -1.800 14.50 7.00 1.000 0.000 0.000
