# generated by tools/gen_weapon_models.py (miasma_infused_katana)
place 0.11699 0.10224 46.858 0.017529 -17.600
glow 7A3CC8 0.05 0.35 0.9
q 0 2.700 0.000 0.180 4.30 48.00 2.676 4.800 0.180 4.32 43.20 1.726 4.800 0.750 5.27 43.20 1.728 0.000 0.750 5.27 48.00 0.510 0.001 0.860
q 2 2.700 0.000 0.180 4.30 48.00 2.676 4.800 0.180 4.32 43.20 1.726 4.800 0.750 5.27 43.20 1.728 0.000 0.750 5.27 48.00 0.510 0.001 0.860
q 0 1.728 0.000 0.750 5.27 48.00 1.726 4.800 0.750 5.27 43.20 -2.604 4.800 0.180 9.60 43.20 -2.700 0.000 0.180 9.70 48.00 -0.129 0.001 0.992
q 2 1.728 0.000 0.750 5.27 48.00 1.726 4.800 0.750 5.27 43.20 -2.604 4.800 0.180 9.60 43.20 -2.700 0.000 0.180 9.70 48.00 -0.129 0.001 0.992
q 0 2.700 0.000 -0.180 18.70 48.00 1.728 0.000 -0.750 17.73 48.00 1.726 4.800 -0.750 17.73 43.20 2.676 4.800 -0.180 18.68 43.20 0.510 0.001 -0.860
q 2 2.700 0.000 -0.180 18.70 48.00 1.728 0.000 -0.750 17.73 48.00 1.726 4.800 -0.750 17.73 43.20 2.676 4.800 -0.180 18.68 43.20 0.510 0.001 -0.860
q 0 1.728 0.000 -0.750 17.73 48.00 -2.700 0.000 -0.180 13.30 48.00 -2.604 4.800 -0.180 13.40 43.20 1.726 4.800 -0.750 17.73 43.20 -0.129 0.001 -0.992
q 2 1.728 0.000 -0.750 17.73 48.00 -2.700 0.000 -0.180 13.30 48.00 -2.604 4.800 -0.180 13.40 43.20 1.726 4.800 -0.750 17.73 43.20 -0.129 0.001 -0.992
q 0 2.700 0.000 0.180 26.00 48.00 2.700 0.000 -0.180 24.00 48.00 2.676 4.800 -0.180 24.00 43.20 2.676 4.800 0.180 26.00 43.20 1.000 0.005 -0.000
q 0 -2.700 0.000 0.180 26.00 48.00 -2.604 4.800 0.180 26.00 43.20 -2.604 4.800 -0.180 24.00 43.20 -2.700 0.000 -0.180 24.00 48.00 -1.000 0.020 0.000
q 0 2.676 4.800 0.180 4.32 43.20 2.724 9.600 0.180 4.28 38.40 1.795 9.600 0.750 5.20 38.40 1.726 4.800 0.750 5.27 43.20 0.519 -0.006 0.855
q 2 2.676 4.800 0.180 4.32 43.20 2.724 9.600 0.180 4.28 38.40 1.795 9.600 0.750 5.20 38.40 1.726 4.800 0.750 5.27 43.20 0.519 -0.006 0.855
q 0 1.726 4.800 0.750 5.27 43.20 1.795 9.600 0.750 5.20 38.40 -2.436 9.600 0.180 9.44 38.40 -2.604 4.800 0.180 9.60 43.20 -0.132 0.003 0.991
q 2 1.726 4.800 0.750 5.27 43.20 1.795 9.600 0.750 5.20 38.40 -2.436 9.600 0.180 9.44 38.40 -2.604 4.800 0.180 9.60 43.20 -0.132 0.003 0.991
q 0 2.676 4.800 -0.180 18.68 43.20 1.726 4.800 -0.750 17.73 43.20 1.795 9.600 -0.750 17.80 38.40 2.724 9.600 -0.180 18.72 38.40 0.519 -0.006 -0.855
q 2 2.676 4.800 -0.180 18.68 43.20 1.726 4.800 -0.750 17.73 43.20 1.795 9.600 -0.750 17.80 38.40 2.724 9.600 -0.180 18.72 38.40 0.519 -0.006 -0.855
q 0 1.726 4.800 -0.750 17.73 43.20 -2.604 4.800 -0.180 13.40 43.20 -2.436 9.600 -0.180 13.56 38.40 1.795 9.600 -0.750 17.80 38.40 -0.132 0.003 -0.991
q 2 1.726 4.800 -0.750 17.73 43.20 -2.604 4.800 -0.180 13.40 43.20 -2.436 9.600 -0.180 13.56 38.40 1.795 9.600 -0.750 17.80 38.40 -0.132 0.003 -0.991
q 0 2.676 4.800 0.180 26.00 43.20 2.676 4.800 -0.180 24.00 43.20 2.724 9.600 -0.180 24.00 38.40 2.724 9.600 0.180 26.00 38.40 1.000 -0.010 -0.000
q 0 -2.604 4.800 0.180 26.00 43.20 -2.436 9.600 0.180 26.00 38.40 -2.436 9.600 -0.180 24.00 38.40 -2.604 4.800 -0.180 24.00 43.20 -0.999 0.035 0.000
q 0 2.724 9.600 0.180 4.28 38.40 2.844 14.400 0.180 4.16 33.60 1.937 14.400 0.750 5.06 33.60 1.795 9.600 0.750 5.20 38.40 0.527 -0.014 0.849
q 2 2.724 9.600 0.180 4.28 38.40 2.844 14.400 0.180 4.16 33.60 1.937 14.400 0.750 5.06 33.60 1.795 9.600 0.750 5.20 38.40 0.527 -0.014 0.849
q 0 1.795 9.600 0.750 5.20 38.40 1.937 14.400 0.750 5.06 33.60 -2.196 14.400 0.180 9.20 33.60 -2.436 9.600 0.180 9.44 38.40 -0.135 0.005 0.991
q 0 2.724 9.600 -0.180 18.72 38.40 1.795 9.600 -0.750 17.80 38.40 1.937 14.400 -0.750 17.94 33.60 2.844 14.400 -0.180 18.84 33.60 0.527 -0.014 -0.849
q 2 2.724 9.600 -0.180 18.72 38.40 1.795 9.600 -0.750 17.80 38.40 1.937 14.400 -0.750 17.94 33.60 2.844 14.400 -0.180 18.84 33.60 0.527 -0.014 -0.849
q 0 1.795 9.600 -0.750 17.80 38.40 -2.436 9.600 -0.180 13.56 38.40 -2.196 14.400 -0.180 13.80 33.60 1.937 14.400 -0.750 17.94 33.60 -0.135 0.005 -0.991
q 0 2.724 9.600 0.180 26.00 38.40 2.724 9.600 -0.180 24.00 38.40 2.844 14.400 -0.180 24.00 33.60 2.844 14.400 0.180 26.00 33.60 1.000 -0.025 -0.000
q 0 -2.436 9.600 0.180 26.00 38.40 -2.196 14.400 0.180 26.00 33.60 -2.196 14.400 -0.180 24.00 33.60 -2.436 9.600 -0.180 24.00 38.40 -0.999 0.050 0.000
q 0 2.844 14.400 0.180 4.16 33.60 3.036 19.200 0.180 3.96 28.80 2.150 19.200 0.750 4.85 28.80 1.937 14.400 0.750 5.06 33.60 0.536 -0.023 0.844
q 2 2.844 14.400 0.180 4.16 33.60 3.036 19.200 0.180 3.96 28.80 2.150 19.200 0.750 4.85 28.80 1.937 14.400 0.750 5.06 33.60 0.536 -0.023 0.844
q 0 1.937 14.400 0.750 5.06 33.60 2.150 19.200 0.750 4.85 28.80 -1.884 19.200 0.180 8.88 28.80 -2.196 14.400 0.180 9.20 33.60 -0.138 0.008 0.990
q 2 1.937 14.400 0.750 5.06 33.60 2.150 19.200 0.750 4.85 28.80 -1.884 19.200 0.180 8.88 28.80 -2.196 14.400 0.180 9.20 33.60 -0.138 0.008 0.990
q 0 2.844 14.400 -0.180 18.84 33.60 1.937 14.400 -0.750 17.94 33.60 2.150 19.200 -0.750 18.15 28.80 3.036 19.200 -0.180 19.04 28.80 0.536 -0.023 -0.844
q 2 2.844 14.400 -0.180 18.84 33.60 1.937 14.400 -0.750 17.94 33.60 2.150 19.200 -0.750 18.15 28.80 3.036 19.200 -0.180 19.04 28.80 0.536 -0.023 -0.844
q 0 1.937 14.400 -0.750 17.94 33.60 -2.196 14.400 -0.180 13.80 33.60 -1.884 19.200 -0.180 14.12 28.80 2.150 19.200 -0.750 18.15 28.80 -0.138 0.008 -0.990
q 2 1.937 14.400 -0.750 17.94 33.60 -2.196 14.400 -0.180 13.80 33.60 -1.884 19.200 -0.180 14.12 28.80 2.150 19.200 -0.750 18.15 28.80 -0.138 0.008 -0.990
q 0 2.844 14.400 0.180 26.00 33.60 2.844 14.400 -0.180 24.00 33.60 3.036 19.200 -0.180 24.00 28.80 3.036 19.200 0.180 26.00 28.80 0.999 -0.040 -0.000
q 0 -2.196 14.400 0.180 26.00 33.60 -1.884 19.200 0.180 26.00 28.80 -1.884 19.200 -0.180 24.00 28.80 -2.196 14.400 -0.180 24.00 33.60 -0.998 0.065 0.000
q 0 3.036 19.200 0.180 3.96 28.80 3.300 24.000 0.180 3.70 24.00 2.436 24.000 0.750 4.56 24.00 2.150 19.200 0.750 4.85 28.80 0.546 -0.031 0.837
q 2 3.036 19.200 0.180 3.96 28.80 3.300 24.000 0.180 3.70 24.00 2.436 24.000 0.750 4.56 24.00 2.150 19.200 0.750 4.85 28.80 0.546 -0.031 0.837
q 0 2.150 19.200 0.750 4.85 28.80 2.436 24.000 0.750 4.56 24.00 -1.500 24.000 0.180 8.50 24.00 -1.884 19.200 0.180 8.88 28.80 -0.142 0.010 0.990
q 2 2.150 19.200 0.750 4.85 28.80 2.436 24.000 0.750 4.56 24.00 -1.500 24.000 0.180 8.50 24.00 -1.884 19.200 0.180 8.88 28.80 -0.142 0.010 0.990
q 0 3.036 19.200 -0.180 19.04 28.80 2.150 19.200 -0.750 18.15 28.80 2.436 24.000 -0.750 18.44 24.00 3.300 24.000 -0.180 19.30 24.00 0.546 -0.031 -0.837
q 2 3.036 19.200 -0.180 19.04 28.80 2.150 19.200 -0.750 18.15 28.80 2.436 24.000 -0.750 18.44 24.00 3.300 24.000 -0.180 19.30 24.00 0.546 -0.031 -0.837
q 0 2.150 19.200 -0.750 18.15 28.80 -1.884 19.200 -0.180 14.12 28.80 -1.500 24.000 -0.180 14.50 24.00 2.436 24.000 -0.750 18.44 24.00 -0.142 0.010 -0.990
q 2 2.150 19.200 -0.750 18.15 28.80 -1.884 19.200 -0.180 14.12 28.80 -1.500 24.000 -0.180 14.50 24.00 2.436 24.000 -0.750 18.44 24.00 -0.142 0.010 -0.990
q 0 3.036 19.200 0.180 26.00 28.80 3.036 19.200 -0.180 24.00 28.80 3.300 24.000 -0.180 24.00 24.00 3.300 24.000 0.180 26.00 24.00 0.998 -0.055 -0.000
q 0 -1.884 19.200 0.180 26.00 28.80 -1.500 24.000 0.180 26.00 24.00 -1.500 24.000 -0.180 24.00 24.00 -1.884 19.200 -0.180 24.00 28.80 -0.997 0.080 0.000
q 0 3.300 24.000 0.180 3.70 24.00 3.636 28.800 0.180 3.36 19.20 2.794 28.800 0.750 4.21 19.20 2.436 24.000 0.750 4.56 24.00 0.555 -0.040 0.831
q 2 3.300 24.000 0.180 3.70 24.00 3.636 28.800 0.180 3.36 19.20 2.794 28.800 0.750 4.21 19.20 2.436 24.000 0.750 4.56 24.00 0.555 -0.040 0.831
q 0 2.436 24.000 0.750 4.56 24.00 2.794 28.800 0.750 4.21 19.20 -1.044 28.800 0.180 8.04 19.20 -1.500 24.000 0.180 8.50 24.00 -0.145 0.012 0.989
q 2 2.436 24.000 0.750 4.56 24.00 2.794 28.800 0.750 4.21 19.20 -1.044 28.800 0.180 8.04 19.20 -1.500 24.000 0.180 8.50 24.00 -0.145 0.012 0.989
q 0 3.300 24.000 -0.180 19.30 24.00 2.436 24.000 -0.750 18.44 24.00 2.794 28.800 -0.750 18.79 19.20 3.636 28.800 -0.180 19.64 19.20 0.555 -0.040 -0.831
q 2 3.300 24.000 -0.180 19.30 24.00 2.436 24.000 -0.750 18.44 24.00 2.794 28.800 -0.750 18.79 19.20 3.636 28.800 -0.180 19.64 19.20 0.555 -0.040 -0.831
q 0 2.436 24.000 -0.750 18.44 24.00 -1.500 24.000 -0.180 14.50 24.00 -1.044 28.800 -0.180 14.96 19.20 2.794 28.800 -0.750 18.79 19.20 -0.145 0.012 -0.989
q 2 2.436 24.000 -0.750 18.44 24.00 -1.500 24.000 -0.180 14.50 24.00 -1.044 28.800 -0.180 14.96 19.20 2.794 28.800 -0.750 18.79 19.20 -0.145 0.012 -0.989
q 0 3.300 24.000 0.180 26.00 24.00 3.300 24.000 -0.180 24.00 24.00 3.636 28.800 -0.180 24.00 19.20 3.636 28.800 0.180 26.00 19.20 0.998 -0.070 -0.000
q 0 -1.500 24.000 0.180 26.00 24.00 -1.044 28.800 0.180 26.00 19.20 -1.044 28.800 -0.180 24.00 19.20 -1.500 24.000 -0.180 24.00 24.00 -0.996 0.095 0.000
q 0 3.636 28.800 0.180 3.36 19.20 4.044 33.600 0.180 2.96 14.40 3.223 33.600 0.750 3.78 14.40 2.794 28.800 0.750 4.21 19.20 0.565 -0.049 0.824
q 2 3.636 28.800 0.180 3.36 19.20 4.044 33.600 0.180 2.96 14.40 3.223 33.600 0.750 3.78 14.40 2.794 28.800 0.750 4.21 19.20 0.565 -0.049 0.824
q 0 2.794 28.800 0.750 4.21 19.20 3.223 33.600 0.750 3.78 14.40 -0.516 33.600 0.180 7.52 14.40 -1.044 28.800 0.180 8.04 19.20 -0.149 0.015 0.989
q 2 2.794 28.800 0.750 4.21 19.20 3.223 33.600 0.750 3.78 14.40 -0.516 33.600 0.180 7.52 14.40 -1.044 28.800 0.180 8.04 19.20 -0.149 0.015 0.989
q 0 3.636 28.800 -0.180 19.64 19.20 2.794 28.800 -0.750 18.79 19.20 3.223 33.600 -0.750 19.22 14.40 4.044 33.600 -0.180 20.04 14.40 0.565 -0.049 -0.824
q 2 3.636 28.800 -0.180 19.64 19.20 2.794 28.800 -0.750 18.79 19.20 3.223 33.600 -0.750 19.22 14.40 4.044 33.600 -0.180 20.04 14.40 0.565 -0.049 -0.824
q 0 2.794 28.800 -0.750 18.79 19.20 -1.044 28.800 -0.180 14.96 19.20 -0.516 33.600 -0.180 15.48 14.40 3.223 33.600 -0.750 19.22 14.40 -0.149 0.015 -0.989
q 2 2.794 28.800 -0.750 18.79 19.20 -1.044 28.800 -0.180 14.96 19.20 -0.516 33.600 -0.180 15.48 14.40 3.223 33.600 -0.750 19.22 14.40 -0.149 0.015 -0.989
q 0 3.636 28.800 0.180 26.00 19.20 3.636 28.800 -0.180 24.00 19.20 4.044 33.600 -0.180 24.00 14.40 4.044 33.600 0.180 26.00 14.40 0.996 -0.085 -0.000
q 0 -1.044 28.800 0.180 26.00 19.20 -0.516 33.600 0.180 26.00 14.40 -0.516 33.600 -0.180 24.00 14.40 -1.044 28.800 -0.180 24.00 19.20 -0.994 0.109 0.000
q 0 4.044 33.600 0.180 2.96 14.40 4.524 38.400 0.180 2.48 9.60 3.725 38.400 0.750 3.28 9.60 3.223 33.600 0.750 3.78 14.40 0.574 -0.059 0.816
q 2 4.044 33.600 0.180 2.96 14.40 4.524 38.400 0.180 2.48 9.60 3.725 38.400 0.750 3.28 9.60 3.223 33.600 0.750 3.78 14.40 0.574 -0.059 0.816
q 0 3.223 33.600 0.750 3.78 14.40 3.725 38.400 0.750 3.28 9.60 0.084 38.400 0.180 6.92 9.60 -0.516 33.600 0.180 7.52 14.40 -0.153 0.018 0.988
q 2 3.223 33.600 0.750 3.78 14.40 3.725 38.400 0.750 3.28 9.60 0.084 38.400 0.180 6.92 9.60 -0.516 33.600 0.180 7.52 14.40 -0.153 0.018 0.988
q 0 4.044 33.600 -0.180 20.04 14.40 3.223 33.600 -0.750 19.22 14.40 3.725 38.400 -0.750 19.72 9.60 4.524 38.400 -0.180 20.52 9.60 0.574 -0.059 -0.816
q 2 4.044 33.600 -0.180 20.04 14.40 3.223 33.600 -0.750 19.22 14.40 3.725 38.400 -0.750 19.72 9.60 4.524 38.400 -0.180 20.52 9.60 0.574 -0.059 -0.816
q 0 3.223 33.600 -0.750 19.22 14.40 -0.516 33.600 -0.180 15.48 14.40 0.084 38.400 -0.180 16.08 9.60 3.725 38.400 -0.750 19.72 9.60 -0.153 0.018 -0.988
q 2 3.223 33.600 -0.750 19.22 14.40 -0.516 33.600 -0.180 15.48 14.40 0.084 38.400 -0.180 16.08 9.60 3.725 38.400 -0.750 19.72 9.60 -0.153 0.018 -0.988
q 0 4.044 33.600 0.180 26.00 14.40 4.044 33.600 -0.180 24.00 14.40 4.524 38.400 -0.180 24.00 9.60 4.524 38.400 0.180 26.00 9.60 0.995 -0.100 -0.000
q 0 -0.516 33.600 0.180 26.00 14.40 0.084 38.400 0.180 26.00 9.60 0.084 38.400 -0.180 24.00 9.60 -0.516 33.600 -0.180 24.00 14.40 -0.992 0.124 0.000
q 0 4.524 38.400 0.180 2.48 9.60 4.791 41.500 0.180 2.21 6.50 4.035 41.500 0.750 2.96 6.50 3.725 38.400 0.750 3.28 9.60 0.590 -0.055 0.805
q 2 4.524 38.400 0.180 2.48 9.60 4.791 41.500 0.180 2.21 6.50 4.035 41.500 0.750 2.96 6.50 3.725 38.400 0.750 3.28 9.60 0.590 -0.055 0.805
q 0 3.725 38.400 0.750 3.28 9.60 4.035 41.500 0.750 2.96 6.50 0.591 41.500 0.180 6.41 6.50 0.084 38.400 0.180 6.92 9.60 -0.159 0.021 0.987
q 2 3.725 38.400 0.750 3.28 9.60 4.035 41.500 0.750 2.96 6.50 0.591 41.500 0.180 6.41 6.50 0.084 38.400 0.180 6.92 9.60 -0.159 0.021 0.987
q 0 4.524 38.400 -0.180 20.52 9.60 3.725 38.400 -0.750 19.72 9.60 4.035 41.500 -0.750 20.04 6.50 4.791 41.500 -0.180 20.79 6.50 0.590 -0.055 -0.805
q 2 4.524 38.400 -0.180 20.52 9.60 3.725 38.400 -0.750 19.72 9.60 4.035 41.500 -0.750 20.04 6.50 4.791 41.500 -0.180 20.79 6.50 0.590 -0.055 -0.805
q 0 3.725 38.400 -0.750 19.72 9.60 0.084 38.400 -0.180 16.08 9.60 0.591 41.500 -0.180 16.59 6.50 4.035 41.500 -0.750 20.04 6.50 -0.159 0.021 -0.987
q 2 3.725 38.400 -0.750 19.72 9.60 0.084 38.400 -0.180 16.08 9.60 0.591 41.500 -0.180 16.59 6.50 4.035 41.500 -0.750 20.04 6.50 -0.159 0.021 -0.987
q 0 4.524 38.400 0.180 26.00 9.60 4.524 38.400 -0.180 24.00 9.60 4.791 41.500 -0.180 24.00 6.50 4.791 41.500 0.180 26.00 6.50 0.996 -0.086 -0.000
q 0 0.084 38.400 0.180 26.00 9.60 0.591 41.500 0.180 26.00 6.50 0.591 41.500 -0.180 24.00 6.50 0.084 38.400 -0.180 24.00 9.60 -0.987 0.161 0.000
q 0 4.791 41.500 0.180 2.21 6.50 5.275 45.075 0.180 1.73 2.92 4.435 45.075 0.750 2.57 2.92 4.035 41.500 0.750 2.96 6.50 0.580 -0.072 0.812
q 2 4.791 41.500 0.180 2.21 6.50 5.275 45.075 0.180 1.73 2.92 4.435 45.075 0.750 2.57 2.92 4.035 41.500 0.750 2.96 6.50 0.580 -0.072 0.812
q 0 4.035 41.500 0.750 2.96 6.50 4.435 45.075 0.750 2.57 2.92 2.020 45.075 0.180 4.98 2.92 0.591 41.500 0.180 6.41 6.50 -0.191 0.049 0.980
q 2 4.035 41.500 0.750 2.96 6.50 4.435 45.075 0.750 2.57 2.92 2.020 45.075 0.180 4.98 2.92 0.591 41.500 0.180 6.41 6.50 -0.191 0.049 0.980
q 0 4.791 41.500 -0.180 20.79 6.50 4.035 41.500 -0.750 20.04 6.50 4.435 45.075 -0.750 20.43 2.92 5.275 45.075 -0.180 21.27 2.92 0.580 -0.072 -0.812
q 2 4.791 41.500 -0.180 20.79 6.50 4.035 41.500 -0.750 20.04 6.50 4.435 45.075 -0.750 20.43 2.92 5.275 45.075 -0.180 21.27 2.92 0.580 -0.072 -0.812
q 0 4.035 41.500 -0.750 20.04 6.50 0.591 41.500 -0.180 16.59 6.50 2.020 45.075 -0.180 18.02 2.92 4.435 45.075 -0.750 20.43 2.92 -0.191 0.049 -0.980
q 2 4.035 41.500 -0.750 20.04 6.50 0.591 41.500 -0.180 16.59 6.50 2.020 45.075 -0.180 18.02 2.92 4.435 45.075 -0.750 20.43 2.92 -0.191 0.049 -0.980
q 0 4.791 41.500 0.180 26.00 6.50 4.791 41.500 -0.180 24.00 6.50 5.275 45.075 -0.180 24.00 2.92 5.275 45.075 0.180 26.00 2.92 0.991 -0.134 -0.000
q 0 0.591 41.500 0.180 26.00 6.50 2.020 45.075 0.180 26.00 2.92 2.020 45.075 -0.180 24.00 2.92 0.591 41.500 -0.180 24.00 6.50 -0.929 0.371 0.000
q 0 5.275 45.075 0.180 1.73 2.92 5.700 48.000 0.180 1.30 0.00 5.700 48.000 0.750 1.30 0.00 4.435 45.075 0.750 2.57 2.92 0.784 -0.227 0.578
q 2 5.275 45.075 0.180 1.73 2.92 5.700 48.000 0.180 1.30 0.00 5.700 48.000 0.750 1.30 0.00 4.435 45.075 0.750 2.57 2.92 0.784 -0.227 0.578
q 0 4.435 45.075 0.750 2.57 2.92 5.700 48.000 0.750 1.30 0.00 5.700 48.000 0.180 1.30 0.00 2.020 45.075 0.180 4.98 2.92 -0.402 0.339 0.851
q 2 4.435 45.075 0.750 2.57 2.92 5.700 48.000 0.750 1.30 0.00 5.700 48.000 0.180 1.30 0.00 2.020 45.075 0.180 4.98 2.92 -0.402 0.339 0.851
q 0 5.275 45.075 -0.180 21.27 2.92 4.435 45.075 -0.750 20.43 2.92 5.700 48.000 -0.750 21.70 0.00 5.700 48.000 -0.180 21.70 0.00 0.784 -0.227 -0.578
q 2 5.275 45.075 -0.180 21.27 2.92 4.435 45.075 -0.750 20.43 2.92 5.700 48.000 -0.750 21.70 0.00 5.700 48.000 -0.180 21.70 0.00 0.784 -0.227 -0.578
q 0 4.435 45.075 -0.750 20.43 2.92 2.020 45.075 -0.180 18.02 2.92 5.700 48.000 -0.180 21.70 0.00 5.700 48.000 -0.750 21.70 0.00 -0.402 0.339 -0.851
q 2 4.435 45.075 -0.750 20.43 2.92 2.020 45.075 -0.180 18.02 2.92 5.700 48.000 -0.180 21.70 0.00 5.700 48.000 -0.750 21.70 0.00 -0.402 0.339 -0.851
q 0 5.275 45.075 0.180 26.00 2.92 5.275 45.075 -0.180 24.00 2.92 5.700 48.000 -0.180 24.00 0.00 5.700 48.000 0.180 26.00 0.00 0.990 -0.144 -0.000
q 0 2.020 45.075 0.180 26.00 2.92 5.700 48.000 0.180 26.00 0.00 5.700 48.000 -0.180 24.00 0.00 2.020 45.075 -0.180 24.00 2.92 -0.622 0.783 0.000
q 0 2.700 0.000 0.180 24.00 48.00 1.728 0.000 0.750 25.00 48.00 1.728 0.000 -0.750 25.00 48.50 2.700 0.000 -0.180 24.00 48.50 0.000 -1.000 -0.000
q 0 1.728 0.000 0.750 25.00 48.00 -2.700 0.000 0.180 26.00 48.00 -2.700 0.000 -0.180 26.00 48.50 1.728 0.000 -0.750 25.00 48.50 0.000 -1.000 -0.000
q 0 4.500 0.650 4.500 27.00 9.00 4.500 0.650 -4.500 27.00 0.00 -4.500 0.650 -4.500 36.00 0.00 -4.500 0.650 4.500 36.00 9.00 -0.000 1.000 0.000
q 0 4.500 -0.650 4.500 46.00 9.00 -4.500 -0.650 4.500 37.00 9.00 -4.500 -0.650 -4.500 37.00 0.00 4.500 -0.650 -4.500 46.00 0.00 0.000 -1.000 -0.000
q 0 2.500 0.650 -4.500 29.00 0.50 2.500 -0.650 -4.500 29.00 0.50 -2.500 -0.650 -4.500 34.00 0.50 -2.500 0.650 -4.500 34.00 0.50 -0.000 -0.000 -1.000
q 0 3.500 0.650 -3.500 28.00 1.50 3.500 -0.650 -3.500 28.00 1.50 2.500 -0.650 -3.500 29.00 1.50 2.500 0.650 -3.500 29.00 1.50 -0.000 -0.000 -1.000
q 0 -2.500 0.650 -3.500 34.00 1.50 -2.500 -0.650 -3.500 34.00 1.50 -3.500 -0.650 -3.500 35.00 1.50 -3.500 0.650 -3.500 35.00 1.50 -0.000 -0.000 -1.000
q 0 4.500 0.650 -2.500 27.00 2.50 4.500 -0.650 -2.500 27.00 2.50 3.500 -0.650 -2.500 28.00 2.50 3.500 0.650 -2.500 28.00 2.50 -0.000 -0.000 -1.000
q 0 -3.500 0.650 -2.500 35.00 2.50 -3.500 -0.650 -2.500 35.00 2.50 -4.500 -0.650 -2.500 36.00 2.50 -4.500 0.650 -2.500 36.00 2.50 -0.000 -0.000 -1.000
q 0 4.500 0.650 2.500 27.00 6.50 3.500 0.650 2.500 28.00 6.50 3.500 -0.650 2.500 28.00 6.50 4.500 -0.650 2.500 27.00 6.50 0.000 0.000 1.000
q 0 -3.500 0.650 2.500 35.00 6.50 -4.500 0.650 2.500 36.00 6.50 -4.500 -0.650 2.500 36.00 6.50 -3.500 -0.650 2.500 35.00 6.50 0.000 0.000 1.000
q 0 3.500 0.650 3.500 28.00 7.50 2.500 0.650 3.500 29.00 7.50 2.500 -0.650 3.500 29.00 7.50 3.500 -0.650 3.500 28.00 7.50 0.000 0.000 1.000
q 0 -2.500 0.650 3.500 34.00 7.50 -3.500 0.650 3.500 35.00 7.50 -3.500 -0.650 3.500 35.00 7.50 -2.500 -0.650 3.500 34.00 7.50 0.000 0.000 1.000
q 0 2.500 0.650 4.500 29.00 8.50 -2.500 0.650 4.500 34.00 8.50 -2.500 -0.650 4.500 34.00 8.50 2.500 -0.650 4.500 29.00 8.50 0.000 0.000 1.000
q 0 4.500 0.650 -2.500 27.50 2.00 4.500 0.650 2.500 27.50 7.00 4.500 -0.650 2.500 27.50 7.00 4.500 -0.650 -2.500 27.50 2.00 1.000 -0.000 -0.000
q 0 3.500 0.650 -3.500 28.50 1.00 3.500 0.650 -2.500 28.50 2.00 3.500 -0.650 -2.500 28.50 2.00 3.500 -0.650 -3.500 28.50 1.00 1.000 -0.000 -0.000
q 0 3.500 0.650 2.500 28.50 7.00 3.500 0.650 3.500 28.50 8.00 3.500 -0.650 3.500 28.50 8.00 3.500 -0.650 2.500 28.50 7.00 1.000 -0.000 -0.000
q 0 2.500 0.650 -4.500 29.50 0.00 2.500 0.650 -3.500 29.50 1.00 2.500 -0.650 -3.500 29.50 1.00 2.500 -0.650 -4.500 29.50 0.00 1.000 -0.000 -0.000
q 0 2.500 0.650 3.500 29.50 8.00 2.500 0.650 4.500 29.50 9.00 2.500 -0.650 4.500 29.50 9.00 2.500 -0.650 3.500 29.50 8.00 1.000 -0.000 -0.000
q 0 -2.500 0.650 -4.500 33.50 0.00 -2.500 -0.650 -4.500 33.50 0.00 -2.500 -0.650 -3.500 33.50 1.00 -2.500 0.650 -3.500 33.50 1.00 -1.000 0.000 0.000
q 0 -2.500 0.650 3.500 33.50 8.00 -2.500 -0.650 3.500 33.50 8.00 -2.500 -0.650 4.500 33.50 9.00 -2.500 0.650 4.500 33.50 9.00 -1.000 0.000 0.000
q 0 -3.500 0.650 -3.500 34.50 1.00 -3.500 -0.650 -3.500 34.50 1.00 -3.500 -0.650 -2.500 34.50 2.00 -3.500 0.650 -2.500 34.50 2.00 -1.000 0.000 0.000
q 0 -3.500 0.650 2.500 34.50 7.00 -3.500 -0.650 2.500 34.50 7.00 -3.500 -0.650 3.500 34.50 8.00 -3.500 0.650 3.500 34.50 8.00 -1.000 0.000 0.000
q 0 -4.500 0.650 -2.500 35.50 2.00 -4.500 -0.650 -2.500 35.50 2.00 -4.500 -0.650 2.500 35.50 7.00 -4.500 0.650 2.500 35.50 7.00 -1.000 0.000 0.000
q 0 1.600 -0.650 1.600 51.00 4.00 1.600 -0.650 -1.600 51.00 0.00 -1.600 -0.650 -1.600 55.00 0.00 -1.600 -0.650 1.600 55.00 4.00 -0.000 1.000 0.000
q 0 1.600 -1.900 -1.600 55.00 0.00 1.600 -1.900 1.600 55.00 4.00 -1.600 -1.900 1.600 59.00 4.00 -1.600 -1.900 -1.600 59.00 0.00 -0.000 -1.000 0.000
q 0 1.600 -1.900 -1.600 47.00 6.00 1.600 -0.650 -1.600 47.00 4.00 1.600 -0.650 1.600 51.00 4.00 1.600 -1.900 1.600 51.00 6.00 1.000 0.000 0.000
q 0 -1.600 -1.900 -1.600 51.00 6.00 -1.600 -0.650 -1.600 51.00 4.00 1.600 -0.650 -1.600 55.00 4.00 1.600 -1.900 -1.600 55.00 6.00 -0.000 0.000 -1.000
q 0 -1.600 -1.900 1.600 55.00 6.00 -1.600 -0.650 1.600 55.00 4.00 -1.600 -0.650 -1.600 59.00 4.00 -1.600 -1.900 -1.600 59.00 6.00 -1.000 -0.000 0.000
q 0 1.600 -1.900 1.600 59.00 6.00 1.600 -0.650 1.600 59.00 4.00 -1.600 -0.650 1.600 63.00 4.00 -1.600 -1.900 1.600 63.00 6.00 -0.000 -0.000 1.000
q 0 1.400 -1.900 1.200 67.00 3.00 1.400 -1.900 -1.200 67.00 0.00 -1.400 -1.900 -1.200 70.00 0.00 -1.400 -1.900 1.200 70.00 3.00 -0.000 1.000 0.000
q 0 1.400 -16.000 -1.200 70.00 0.00 1.400 -16.000 1.200 70.00 3.00 -1.400 -16.000 1.200 73.00 3.00 -1.400 -16.000 -1.200 73.00 0.00 -0.000 -1.000 0.000
q 0 1.400 -16.000 -1.200 64.00 18.00 1.400 -1.900 -1.200 64.00 3.00 1.400 -1.900 1.200 67.00 3.00 1.400 -16.000 1.200 67.00 18.00 1.000 0.000 0.000
q 0 -1.400 -16.000 -1.200 67.00 18.00 -1.400 -1.900 -1.200 67.00 3.00 1.400 -1.900 -1.200 70.00 3.00 1.400 -16.000 -1.200 70.00 18.00 -0.000 0.000 -1.000
q 0 -1.400 -16.000 1.200 70.00 18.00 -1.400 -1.900 1.200 70.00 3.00 -1.400 -1.900 -1.200 73.00 3.00 -1.400 -16.000 -1.200 73.00 18.00 -1.000 -0.000 0.000
q 0 1.400 -16.000 1.200 73.00 18.00 1.400 -1.900 1.200 73.00 3.00 -1.400 -1.900 1.200 76.00 3.00 -1.400 -16.000 1.200 76.00 18.00 -0.000 -0.000 1.000
q 0 1.700 -16.000 1.500 80.00 3.00 1.700 -16.000 -1.500 80.00 0.00 -1.700 -16.000 -1.500 84.00 0.00 -1.700 -16.000 1.500 84.00 3.00 -0.000 1.000 0.000
q 0 1.700 -17.600 -1.500 84.00 0.00 1.700 -17.600 1.500 84.00 3.00 -1.700 -17.600 1.500 88.00 3.00 -1.700 -17.600 -1.500 88.00 0.00 -0.000 -1.000 0.000
q 0 1.700 -17.600 -1.500 77.00 5.00 1.700 -16.000 -1.500 77.00 3.00 1.700 -16.000 1.500 80.00 3.00 1.700 -17.600 1.500 80.00 5.00 1.000 0.000 0.000
q 0 -1.700 -17.600 -1.500 80.00 5.00 -1.700 -16.000 -1.500 80.00 3.00 1.700 -16.000 -1.500 84.00 3.00 1.700 -17.600 -1.500 84.00 5.00 -0.000 0.000 -1.000
q 0 -1.700 -17.600 1.500 84.00 5.00 -1.700 -16.000 1.500 84.00 3.00 -1.700 -16.000 -1.500 87.00 3.00 -1.700 -17.600 -1.500 87.00 5.00 -1.000 -0.000 0.000
q 0 1.700 -17.600 1.500 87.00 5.00 1.700 -16.000 1.500 87.00 3.00 -1.700 -16.000 1.500 91.00 3.00 -1.700 -17.600 1.500 91.00 5.00 -0.000 -0.000 1.000
