# generated by tools/gen_weapon_models.py (otherworld_trident)
place -0.16087 -0.18349 45.486 0.028247 -53.000
glow AA6EFF 0.09 0.5 1.0
q 0 -1.800 0.000 0.300 2.20 18.00 0.000 0.000 0.800 4.00 18.00 0.000 13.000 0.800 4.00 5.00 -1.440 13.000 0.300 2.56 5.00 -0.295 0.004 0.956
q 2 -1.800 0.000 0.300 2.20 18.00 0.000 0.000 0.800 4.00 18.00 0.000 13.000 0.800 4.00 5.00 -1.440 13.000 0.300 2.56 5.00 -0.295 0.004 0.956
q 0 0.000 0.000 0.800 4.00 18.00 1.800 0.000 0.300 5.80 18.00 1.440 13.000 0.300 5.44 5.00 0.000 13.000 0.800 4.00 5.00 0.295 0.004 0.956
q 2 0.000 0.000 0.800 4.00 18.00 1.800 0.000 0.300 5.80 18.00 1.440 13.000 0.300 5.44 5.00 0.000 13.000 0.800 4.00 5.00 0.295 0.004 0.956
q 0 -1.800 0.000 -0.300 14.80 18.00 -1.440 13.000 -0.300 14.44 5.00 0.000 13.000 -0.800 13.00 5.00 0.000 0.000 -0.800 13.00 18.00 -0.295 0.004 -0.956
q 2 -1.800 0.000 -0.300 14.80 18.00 -1.440 13.000 -0.300 14.44 5.00 0.000 13.000 -0.800 13.00 5.00 0.000 0.000 -0.800 13.00 18.00 -0.295 0.004 -0.956
q 0 0.000 0.000 -0.800 13.00 18.00 0.000 13.000 -0.800 13.00 5.00 1.440 13.000 -0.300 11.56 5.00 1.800 0.000 -0.300 11.20 18.00 0.295 0.004 -0.956
q 2 0.000 0.000 -0.800 13.00 18.00 0.000 13.000 -0.800 13.00 5.00 1.440 13.000 -0.300 11.56 5.00 1.800 0.000 -0.300 11.20 18.00 0.295 0.004 -0.956
q 0 -1.800 0.000 0.300 20.00 18.00 -1.440 13.000 0.300 20.00 5.00 -1.440 13.000 -0.300 18.00 5.00 -1.800 0.000 -0.300 18.00 18.00 -1.000 0.028 -0.000
q 2 -1.800 0.000 0.300 20.00 18.00 -1.440 13.000 0.300 20.00 5.00 -1.440 13.000 -0.300 18.00 5.00 -1.800 0.000 -0.300 18.00 18.00 -1.000 0.028 -0.000
q 0 1.800 0.000 0.300 20.00 18.00 1.800 0.000 -0.300 18.00 18.00 1.440 13.000 -0.300 18.00 5.00 1.440 13.000 0.300 20.00 5.00 1.000 0.028 0.000
q 2 1.800 0.000 0.300 20.00 18.00 1.800 0.000 -0.300 18.00 18.00 1.440 13.000 -0.300 18.00 5.00 1.440 13.000 0.300 20.00 5.00 1.000 0.028 0.000
q 0 -1.440 13.000 0.300 2.56 5.00 0.000 13.000 0.800 4.00 5.00 0.000 14.000 0.800 4.00 4.00 -2.880 14.000 0.300 1.12 4.00 -0.223 -0.160 0.962
q 2 -1.440 13.000 0.300 2.56 5.00 0.000 13.000 0.800 4.00 5.00 0.000 14.000 0.800 4.00 4.00 -2.880 14.000 0.300 1.12 4.00 -0.223 -0.160 0.962
q 0 0.000 13.000 0.800 4.00 5.00 1.440 13.000 0.300 5.44 5.00 2.880 14.000 0.300 6.88 4.00 0.000 14.000 0.800 4.00 4.00 0.223 -0.160 0.962
q 2 0.000 13.000 0.800 4.00 5.00 1.440 13.000 0.300 5.44 5.00 2.880 14.000 0.300 6.88 4.00 0.000 14.000 0.800 4.00 4.00 0.223 -0.160 0.962
q 0 -1.440 13.000 -0.300 14.44 5.00 -2.880 14.000 -0.300 15.88 4.00 0.000 14.000 -0.800 13.00 4.00 0.000 13.000 -0.800 13.00 5.00 -0.223 -0.160 -0.962
q 2 -1.440 13.000 -0.300 14.44 5.00 -2.880 14.000 -0.300 15.88 4.00 0.000 14.000 -0.800 13.00 4.00 0.000 13.000 -0.800 13.00 5.00 -0.223 -0.160 -0.962
q 0 0.000 13.000 -0.800 13.00 5.00 0.000 14.000 -0.800 13.00 4.00 2.880 14.000 -0.300 10.12 4.00 1.440 13.000 -0.300 11.56 5.00 0.223 -0.160 -0.962
q 2 0.000 13.000 -0.800 13.00 5.00 0.000 14.000 -0.800 13.00 4.00 2.880 14.000 -0.300 10.12 4.00 1.440 13.000 -0.300 11.56 5.00 0.223 -0.160 -0.962
q 0 -1.440 13.000 0.300 20.00 5.00 -2.880 14.000 0.300 20.00 4.00 -2.880 14.000 -0.300 18.00 4.00 -1.440 13.000 -0.300 18.00 5.00 -0.570 -0.821 -0.000
q 2 -1.440 13.000 0.300 20.00 5.00 -2.880 14.000 0.300 20.00 4.00 -2.880 14.000 -0.300 18.00 4.00 -1.440 13.000 -0.300 18.00 5.00 -0.570 -0.821 -0.000
q 0 1.440 13.000 0.300 20.00 5.00 1.440 13.000 -0.300 18.00 5.00 2.880 14.000 -0.300 18.00 4.00 2.880 14.000 0.300 20.00 4.00 0.570 -0.821 0.000
q 2 1.440 13.000 0.300 20.00 5.00 1.440 13.000 -0.300 18.00 5.00 2.880 14.000 -0.300 18.00 4.00 2.880 14.000 0.300 20.00 4.00 0.570 -0.821 0.000
q 0 -2.880 14.000 0.300 1.12 4.00 0.000 14.000 0.800 4.00 4.00 0.000 18.000 0.800 4.00 0.00 0.000 18.000 0.300 4.00 0.00 -0.326 0.117 0.938
q 2 -2.880 14.000 0.300 1.12 4.00 0.000 14.000 0.800 4.00 4.00 0.000 18.000 0.800 4.00 0.00 0.000 18.000 0.300 4.00 0.00 -0.326 0.117 0.938
q 0 0.000 14.000 0.800 4.00 4.00 2.880 14.000 0.300 6.88 4.00 0.000 18.000 0.300 4.00 0.00 0.000 18.000 0.800 4.00 0.00 0.326 0.117 0.938
q 2 0.000 14.000 0.800 4.00 4.00 2.880 14.000 0.300 6.88 4.00 0.000 18.000 0.300 4.00 0.00 0.000 18.000 0.800 4.00 0.00 0.326 0.117 0.938
q 0 -2.880 14.000 -0.300 15.88 4.00 0.000 18.000 -0.300 13.00 0.00 0.000 18.000 -0.800 13.00 0.00 0.000 14.000 -0.800 13.00 4.00 -0.326 0.117 -0.938
q 2 -2.880 14.000 -0.300 15.88 4.00 0.000 18.000 -0.300 13.00 0.00 0.000 18.000 -0.800 13.00 0.00 0.000 14.000 -0.800 13.00 4.00 -0.326 0.117 -0.938
q 0 0.000 14.000 -0.800 13.00 4.00 0.000 18.000 -0.800 13.00 0.00 0.000 18.000 -0.300 13.00 0.00 2.880 14.000 -0.300 10.12 4.00 0.326 0.117 -0.938
q 2 0.000 14.000 -0.800 13.00 4.00 0.000 18.000 -0.800 13.00 0.00 0.000 18.000 -0.300 13.00 0.00 2.880 14.000 -0.300 10.12 4.00 0.326 0.117 -0.938
q 0 -2.880 14.000 0.300 20.00 4.00 0.000 18.000 0.300 20.00 0.00 0.000 18.000 -0.300 18.00 0.00 -2.880 14.000 -0.300 18.00 4.00 -0.812 0.584 -0.000
q 2 -2.880 14.000 0.300 20.00 4.00 0.000 18.000 0.300 20.00 0.00 0.000 18.000 -0.300 18.00 0.00 -2.880 14.000 -0.300 18.00 4.00 -0.812 0.584 -0.000
q 0 2.880 14.000 0.300 20.00 4.00 2.880 14.000 -0.300 18.00 4.00 0.000 18.000 -0.300 18.00 0.00 0.000 18.000 0.300 20.00 0.00 0.812 0.584 0.000
q 2 2.880 14.000 0.300 20.00 4.00 2.880 14.000 -0.300 18.00 4.00 0.000 18.000 -0.300 18.00 0.00 0.000 18.000 0.300 20.00 0.00 0.812 0.584 0.000
q 0 -1.800 0.000 0.300 18.00 18.00 -1.800 0.000 -0.300 18.00 18.50 0.000 0.000 -0.800 19.00 18.50 0.000 0.000 0.800 19.00 18.00 -0.000 -1.000 -0.000
q 0 0.000 0.000 0.800 19.00 18.00 0.000 0.000 -0.800 19.00 18.50 1.800 0.000 -0.300 20.00 18.50 1.800 0.000 0.300 20.00 18.00 -0.000 -1.000 -0.000
q 0 -5.900 0.000 0.300 23.10 13.00 -4.500 0.000 0.800 24.50 13.00 -4.500 8.000 0.800 24.50 5.00 -5.620 8.000 0.300 23.38 5.00 -0.369 0.006 0.929
q 2 -5.900 0.000 0.300 23.10 13.00 -4.500 0.000 0.800 24.50 13.00 -4.500 8.000 0.800 24.50 5.00 -5.620 8.000 0.300 23.38 5.00 -0.369 0.006 0.929
q 0 -4.500 0.000 0.800 24.50 13.00 -3.100 0.000 0.300 25.90 13.00 -3.380 8.000 0.300 25.62 5.00 -4.500 8.000 0.800 24.50 5.00 0.369 0.006 0.929
q 2 -4.500 0.000 0.800 24.50 13.00 -3.100 0.000 0.300 25.90 13.00 -3.380 8.000 0.300 25.62 5.00 -4.500 8.000 0.800 24.50 5.00 0.369 0.006 0.929
q 0 -5.900 0.000 -0.300 33.90 13.00 -5.620 8.000 -0.300 33.62 5.00 -4.500 8.000 -0.800 32.50 5.00 -4.500 0.000 -0.800 32.50 13.00 -0.369 0.006 -0.929
q 2 -5.900 0.000 -0.300 33.90 13.00 -5.620 8.000 -0.300 33.62 5.00 -4.500 8.000 -0.800 32.50 5.00 -4.500 0.000 -0.800 32.50 13.00 -0.369 0.006 -0.929
q 0 -4.500 0.000 -0.800 32.50 13.00 -4.500 8.000 -0.800 32.50 5.00 -3.380 8.000 -0.300 31.38 5.00 -3.100 0.000 -0.300 31.10 13.00 0.369 0.006 -0.929
q 2 -4.500 0.000 -0.800 32.50 13.00 -4.500 8.000 -0.800 32.50 5.00 -3.380 8.000 -0.300 31.38 5.00 -3.100 0.000 -0.300 31.10 13.00 0.369 0.006 -0.929
q 0 -5.900 0.000 0.300 39.00 13.00 -5.620 8.000 0.300 39.00 5.00 -5.620 8.000 -0.300 37.00 5.00 -5.900 0.000 -0.300 37.00 13.00 -0.999 0.035 -0.000
q 2 -5.900 0.000 0.300 39.00 13.00 -5.620 8.000 0.300 39.00 5.00 -5.620 8.000 -0.300 37.00 5.00 -5.900 0.000 -0.300 37.00 13.00 -0.999 0.035 -0.000
q 0 -3.100 0.000 0.300 39.00 13.00 -3.100 0.000 -0.300 37.00 13.00 -3.380 8.000 -0.300 37.00 5.00 -3.380 8.000 0.300 39.00 5.00 0.999 0.035 0.000
q 2 -3.100 0.000 0.300 39.00 13.00 -3.100 0.000 -0.300 37.00 13.00 -3.380 8.000 -0.300 37.00 5.00 -3.380 8.000 0.300 39.00 5.00 0.999 0.035 0.000
q 0 -5.620 8.000 0.300 23.38 5.00 -4.500 8.000 0.800 24.50 5.00 -4.500 9.000 0.800 24.50 4.00 -6.740 9.000 0.300 22.26 4.00 -0.282 -0.158 0.946
q 2 -5.620 8.000 0.300 23.38 5.00 -4.500 8.000 0.800 24.50 5.00 -4.500 9.000 0.800 24.50 4.00 -6.740 9.000 0.300 22.26 4.00 -0.282 -0.158 0.946
q 0 -4.500 8.000 0.800 24.50 5.00 -3.380 8.000 0.300 25.62 5.00 -2.260 9.000 0.300 26.74 4.00 -4.500 9.000 0.800 24.50 4.00 0.282 -0.158 0.946
q 2 -4.500 8.000 0.800 24.50 5.00 -3.380 8.000 0.300 25.62 5.00 -2.260 9.000 0.300 26.74 4.00 -4.500 9.000 0.800 24.50 4.00 0.282 -0.158 0.946
q 0 -5.620 8.000 -0.300 33.62 5.00 -6.740 9.000 -0.300 34.74 4.00 -4.500 9.000 -0.800 32.50 4.00 -4.500 8.000 -0.800 32.50 5.00 -0.282 -0.158 -0.946
q 2 -5.620 8.000 -0.300 33.62 5.00 -6.740 9.000 -0.300 34.74 4.00 -4.500 9.000 -0.800 32.50 4.00 -4.500 8.000 -0.800 32.50 5.00 -0.282 -0.158 -0.946
q 0 -4.500 8.000 -0.800 32.50 5.00 -4.500 9.000 -0.800 32.50 4.00 -2.260 9.000 -0.300 30.26 4.00 -3.380 8.000 -0.300 31.38 5.00 0.282 -0.158 -0.946
q 2 -4.500 8.000 -0.800 32.50 5.00 -4.500 9.000 -0.800 32.50 4.00 -2.260 9.000 -0.300 30.26 4.00 -3.380 8.000 -0.300 31.38 5.00 0.282 -0.158 -0.946
q 0 -5.620 8.000 0.300 39.00 5.00 -6.740 9.000 0.300 39.00 4.00 -6.740 9.000 -0.300 37.00 4.00 -5.620 8.000 -0.300 37.00 5.00 -0.666 -0.746 -0.000
q 2 -5.620 8.000 0.300 39.00 5.00 -6.740 9.000 0.300 39.00 4.00 -6.740 9.000 -0.300 37.00 4.00 -5.620 8.000 -0.300 37.00 5.00 -0.666 -0.746 -0.000
q 0 -3.380 8.000 0.300 39.00 5.00 -3.380 8.000 -0.300 37.00 5.00 -2.260 9.000 -0.300 37.00 4.00 -2.260 9.000 0.300 39.00 4.00 0.666 -0.746 0.000
q 2 -3.380 8.000 0.300 39.00 5.00 -3.380 8.000 -0.300 37.00 5.00 -2.260 9.000 -0.300 37.00 4.00 -2.260 9.000 0.300 39.00 4.00 0.666 -0.746 0.000
q 0 -6.740 9.000 0.300 22.26 4.00 -4.500 9.000 0.800 24.50 4.00 -4.500 13.000 0.800 24.50 0.00 -4.500 13.000 0.300 24.50 0.00 -0.405 0.113 0.907
q 2 -6.740 9.000 0.300 22.26 4.00 -4.500 9.000 0.800 24.50 4.00 -4.500 13.000 0.800 24.50 0.00 -4.500 13.000 0.300 24.50 0.00 -0.405 0.113 0.907
q 0 -4.500 9.000 0.800 24.50 4.00 -2.260 9.000 0.300 26.74 4.00 -4.500 13.000 0.300 24.50 0.00 -4.500 13.000 0.800 24.50 0.00 0.405 0.113 0.907
q 2 -4.500 9.000 0.800 24.50 4.00 -2.260 9.000 0.300 26.74 4.00 -4.500 13.000 0.300 24.50 0.00 -4.500 13.000 0.800 24.50 0.00 0.405 0.113 0.907
q 0 -6.740 9.000 -0.300 34.74 4.00 -4.500 13.000 -0.300 32.50 0.00 -4.500 13.000 -0.800 32.50 0.00 -4.500 9.000 -0.800 32.50 4.00 -0.405 0.113 -0.907
q 2 -6.740 9.000 -0.300 34.74 4.00 -4.500 13.000 -0.300 32.50 0.00 -4.500 13.000 -0.800 32.50 0.00 -4.500 9.000 -0.800 32.50 4.00 -0.405 0.113 -0.907
q 0 -4.500 9.000 -0.800 32.50 4.00 -4.500 13.000 -0.800 32.50 0.00 -4.500 13.000 -0.300 32.50 0.00 -2.260 9.000 -0.300 30.26 4.00 0.405 0.113 -0.907
q 2 -4.500 9.000 -0.800 32.50 4.00 -4.500 13.000 -0.800 32.50 0.00 -4.500 13.000 -0.300 32.50 0.00 -2.260 9.000 -0.300 30.26 4.00 0.405 0.113 -0.907
q 0 -6.740 9.000 0.300 39.00 4.00 -4.500 13.000 0.300 39.00 0.00 -4.500 13.000 -0.300 37.00 0.00 -6.740 9.000 -0.300 37.00 4.00 -0.873 0.489 -0.000
q 2 -6.740 9.000 0.300 39.00 4.00 -4.500 13.000 0.300 39.00 0.00 -4.500 13.000 -0.300 37.00 0.00 -6.740 9.000 -0.300 37.00 4.00 -0.873 0.489 -0.000
q 0 -2.260 9.000 0.300 39.00 4.00 -2.260 9.000 -0.300 37.00 4.00 -4.500 13.000 -0.300 37.00 0.00 -4.500 13.000 0.300 39.00 0.00 0.873 0.489 0.000
q 2 -2.260 9.000 0.300 39.00 4.00 -2.260 9.000 -0.300 37.00 4.00 -4.500 13.000 -0.300 37.00 0.00 -4.500 13.000 0.300 39.00 0.00 0.873 0.489 0.000
q 0 -5.900 0.000 0.300 37.00 13.00 -5.900 0.000 -0.300 37.00 13.50 -4.500 0.000 -0.800 38.00 13.50 -4.500 0.000 0.800 38.00 13.00 -0.000 -1.000 -0.000
q 0 -4.500 0.000 0.800 38.00 13.00 -4.500 0.000 -0.800 38.00 13.50 -3.100 0.000 -0.300 39.00 13.50 -3.100 0.000 0.300 39.00 13.00 -0.000 -1.000 -0.000
q 0 3.100 0.000 0.300 42.10 13.00 4.500 0.000 0.800 43.50 13.00 4.500 8.000 0.800 43.50 5.00 3.380 8.000 0.300 42.38 5.00 -0.369 0.006 0.929
q 2 3.100 0.000 0.300 42.10 13.00 4.500 0.000 0.800 43.50 13.00 4.500 8.000 0.800 43.50 5.00 3.380 8.000 0.300 42.38 5.00 -0.369 0.006 0.929
q 0 4.500 0.000 0.800 43.50 13.00 5.900 0.000 0.300 44.90 13.00 5.620 8.000 0.300 44.62 5.00 4.500 8.000 0.800 43.50 5.00 0.369 0.006 0.929
q 2 4.500 0.000 0.800 43.50 13.00 5.900 0.000 0.300 44.90 13.00 5.620 8.000 0.300 44.62 5.00 4.500 8.000 0.800 43.50 5.00 0.369 0.006 0.929
q 0 3.100 0.000 -0.300 52.90 13.00 3.380 8.000 -0.300 52.62 5.00 4.500 8.000 -0.800 51.50 5.00 4.500 0.000 -0.800 51.50 13.00 -0.369 0.006 -0.929
q 2 3.100 0.000 -0.300 52.90 13.00 3.380 8.000 -0.300 52.62 5.00 4.500 8.000 -0.800 51.50 5.00 4.500 0.000 -0.800 51.50 13.00 -0.369 0.006 -0.929
q 0 4.500 0.000 -0.800 51.50 13.00 4.500 8.000 -0.800 51.50 5.00 5.620 8.000 -0.300 50.38 5.00 5.900 0.000 -0.300 50.10 13.00 0.369 0.006 -0.929
q 2 4.500 0.000 -0.800 51.50 13.00 4.500 8.000 -0.800 51.50 5.00 5.620 8.000 -0.300 50.38 5.00 5.900 0.000 -0.300 50.10 13.00 0.369 0.006 -0.929
q 0 3.100 0.000 0.300 58.00 13.00 3.380 8.000 0.300 58.00 5.00 3.380 8.000 -0.300 56.00 5.00 3.100 0.000 -0.300 56.00 13.00 -0.999 0.035 -0.000
q 2 3.100 0.000 0.300 58.00 13.00 3.380 8.000 0.300 58.00 5.00 3.380 8.000 -0.300 56.00 5.00 3.100 0.000 -0.300 56.00 13.00 -0.999 0.035 -0.000
q 0 5.900 0.000 0.300 58.00 13.00 5.900 0.000 -0.300 56.00 13.00 5.620 8.000 -0.300 56.00 5.00 5.620 8.000 0.300 58.00 5.00 0.999 0.035 0.000
q 2 5.900 0.000 0.300 58.00 13.00 5.900 0.000 -0.300 56.00 13.00 5.620 8.000 -0.300 56.00 5.00 5.620 8.000 0.300 58.00 5.00 0.999 0.035 0.000
q 0 3.380 8.000 0.300 42.38 5.00 4.500 8.000 0.800 43.50 5.00 4.500 9.000 0.800 43.50 4.00 2.260 9.000 0.300 41.26 4.00 -0.282 -0.158 0.946
q 2 3.380 8.000 0.300 42.38 5.00 4.500 8.000 0.800 43.50 5.00 4.500 9.000 0.800 43.50 4.00 2.260 9.000 0.300 41.26 4.00 -0.282 -0.158 0.946
q 0 4.500 8.000 0.800 43.50 5.00 5.620 8.000 0.300 44.62 5.00 6.740 9.000 0.300 45.74 4.00 4.500 9.000 0.800 43.50 4.00 0.282 -0.158 0.946
q 2 4.500 8.000 0.800 43.50 5.00 5.620 8.000 0.300 44.62 5.00 6.740 9.000 0.300 45.74 4.00 4.500 9.000 0.800 43.50 4.00 0.282 -0.158 0.946
q 0 3.380 8.000 -0.300 52.62 5.00 2.260 9.000 -0.300 53.74 4.00 4.500 9.000 -0.800 51.50 4.00 4.500 8.000 -0.800 51.50 5.00 -0.282 -0.158 -0.946
q 2 3.380 8.000 -0.300 52.62 5.00 2.260 9.000 -0.300 53.74 4.00 4.500 9.000 -0.800 51.50 4.00 4.500 8.000 -0.800 51.50 5.00 -0.282 -0.158 -0.946
q 0 4.500 8.000 -0.800 51.50 5.00 4.500 9.000 -0.800 51.50 4.00 6.740 9.000 -0.300 49.26 4.00 5.620 8.000 -0.300 50.38 5.00 0.282 -0.158 -0.946
q 2 4.500 8.000 -0.800 51.50 5.00 4.500 9.000 -0.800 51.50 4.00 6.740 9.000 -0.300 49.26 4.00 5.620 8.000 -0.300 50.38 5.00 0.282 -0.158 -0.946
q 0 3.380 8.000 0.300 58.00 5.00 2.260 9.000 0.300 58.00 4.00 2.260 9.000 -0.300 56.00 4.00 3.380 8.000 -0.300 56.00 5.00 -0.666 -0.746 -0.000
q 2 3.380 8.000 0.300 58.00 5.00 2.260 9.000 0.300 58.00 4.00 2.260 9.000 -0.300 56.00 4.00 3.380 8.000 -0.300 56.00 5.00 -0.666 -0.746 -0.000
q 0 5.620 8.000 0.300 58.00 5.00 5.620 8.000 -0.300 56.00 5.00 6.740 9.000 -0.300 56.00 4.00 6.740 9.000 0.300 58.00 4.00 0.666 -0.746 0.000
q 2 5.620 8.000 0.300 58.00 5.00 5.620 8.000 -0.300 56.00 5.00 6.740 9.000 -0.300 56.00 4.00 6.740 9.000 0.300 58.00 4.00 0.666 -0.746 0.000
q 0 2.260 9.000 0.300 41.26 4.00 4.500 9.000 0.800 43.50 4.00 4.500 13.000 0.800 43.50 0.00 4.500 13.000 0.300 43.50 0.00 -0.405 0.113 0.907
q 2 2.260 9.000 0.300 41.26 4.00 4.500 9.000 0.800 43.50 4.00 4.500 13.000 0.800 43.50 0.00 4.500 13.000 0.300 43.50 0.00 -0.405 0.113 0.907
q 0 4.500 9.000 0.800 43.50 4.00 6.740 9.000 0.300 45.74 4.00 4.500 13.000 0.300 43.50 0.00 4.500 13.000 0.800 43.50 0.00 0.405 0.113 0.907
q 2 4.500 9.000 0.800 43.50 4.00 6.740 9.000 0.300 45.74 4.00 4.500 13.000 0.300 43.50 0.00 4.500 13.000 0.800 43.50 0.00 0.405 0.113 0.907
q 0 2.260 9.000 -0.300 53.74 4.00 4.500 13.000 -0.300 51.50 0.00 4.500 13.000 -0.800 51.50 0.00 4.500 9.000 -0.800 51.50 4.00 -0.405 0.113 -0.907
q 2 2.260 9.000 -0.300 53.74 4.00 4.500 13.000 -0.300 51.50 0.00 4.500 13.000 -0.800 51.50 0.00 4.500 9.000 -0.800 51.50 4.00 -0.405 0.113 -0.907
q 0 4.500 9.000 -0.800 51.50 4.00 4.500 13.000 -0.800 51.50 0.00 4.500 13.000 -0.300 51.50 0.00 6.740 9.000 -0.300 49.26 4.00 0.405 0.113 -0.907
q 2 4.500 9.000 -0.800 51.50 4.00 4.500 13.000 -0.800 51.50 0.00 4.500 13.000 -0.300 51.50 0.00 6.740 9.000 -0.300 49.26 4.00 0.405 0.113 -0.907
q 0 2.260 9.000 0.300 58.00 4.00 4.500 13.000 0.300 58.00 0.00 4.500 13.000 -0.300 56.00 0.00 2.260 9.000 -0.300 56.00 4.00 -0.873 0.489 -0.000
q 2 2.260 9.000 0.300 58.00 4.00 4.500 13.000 0.300 58.00 0.00 4.500 13.000 -0.300 56.00 0.00 2.260 9.000 -0.300 56.00 4.00 -0.873 0.489 -0.000
q 0 6.740 9.000 0.300 58.00 4.00 6.740 9.000 -0.300 56.00 4.00 4.500 13.000 -0.300 56.00 0.00 4.500 13.000 0.300 58.00 0.00 0.873 0.489 0.000
q 2 6.740 9.000 0.300 58.00 4.00 6.740 9.000 -0.300 56.00 4.00 4.500 13.000 -0.300 56.00 0.00 4.500 13.000 0.300 58.00 0.00 0.873 0.489 0.000
q 0 3.100 0.000 0.300 56.00 13.00 3.100 0.000 -0.300 56.00 13.50 4.500 0.000 -0.800 57.00 13.50 4.500 0.000 0.800 57.00 13.00 -0.000 -1.000 -0.000
q 0 4.500 0.000 0.800 57.00 13.00 4.500 0.000 -0.800 57.00 13.50 5.900 0.000 -0.300 58.00 13.50 5.900 0.000 0.300 58.00 13.00 -0.000 -1.000 -0.000
q 0 -6.000 0.000 1.200 62.00 3.00 6.000 0.000 1.200 74.00 3.00 6.000 0.000 -1.200 74.00 0.00 -6.000 0.000 -1.200 62.00 0.00 0.000 1.000 0.000
q 0 -6.000 -2.000 -1.200 74.00 0.00 6.000 -2.000 -1.200 86.00 0.00 6.000 -2.000 1.200 86.00 3.00 -6.000 -2.000 1.200 74.00 3.00 0.000 -1.000 0.000
q 0 -6.000 -2.000 -1.200 59.00 5.00 -6.000 -2.000 1.200 62.00 5.00 -6.000 0.000 1.200 62.00 3.00 -6.000 0.000 -1.200 59.00 3.00 -1.000 0.000 0.000
q 0 6.000 -2.000 -1.200 62.00 5.00 -6.000 -2.000 -1.200 74.00 5.00 -6.000 0.000 -1.200 74.00 3.00 6.000 0.000 -1.200 62.00 3.00 0.000 0.000 -1.000
q 0 6.000 -2.000 1.200 74.00 5.00 6.000 -2.000 -1.200 77.00 5.00 6.000 0.000 -1.200 77.00 3.00 6.000 0.000 1.200 74.00 3.00 1.000 -0.000 0.000
q 0 -6.000 -2.000 1.200 77.00 5.00 6.000 -2.000 1.200 89.00 5.00 6.000 0.000 1.200 89.00 3.00 -6.000 0.000 1.200 77.00 3.00 0.000 -0.000 1.000
q 0 -6.000 2.000 1.200 93.00 3.00 -3.200 2.000 1.200 96.00 3.00 -3.200 2.000 -1.200 96.00 0.00 -6.000 2.000 -1.200 93.00 0.00 0.000 1.000 0.000
q 0 -6.000 -2.000 -1.200 96.00 0.00 -3.200 -2.000 -1.200 99.00 0.00 -3.200 -2.000 1.200 99.00 3.00 -6.000 -2.000 1.200 96.00 3.00 0.000 -1.000 0.000
q 0 -6.000 -2.000 -1.200 90.00 7.00 -6.000 -2.000 1.200 93.00 7.00 -6.000 2.000 1.200 93.00 3.00 -6.000 2.000 -1.200 90.00 3.00 -1.000 0.000 0.000
q 0 -3.200 -2.000 -1.200 93.00 7.00 -6.000 -2.000 -1.200 96.00 7.00 -6.000 2.000 -1.200 96.00 3.00 -3.200 2.000 -1.200 93.00 3.00 0.000 0.000 -1.000
q 0 -3.200 -2.000 1.200 96.00 7.00 -3.200 -2.000 -1.200 99.00 7.00 -3.200 2.000 -1.200 99.00 3.00 -3.200 2.000 1.200 96.00 3.00 1.000 -0.000 0.000
q 0 -6.000 -2.000 1.200 99.00 7.00 -3.200 -2.000 1.200 102.00 7.00 -3.200 2.000 1.200 102.00 3.00 -6.000 2.000 1.200 99.00 3.00 0.000 -0.000 1.000
q 0 3.200 2.000 1.200 106.00 3.00 6.000 2.000 1.200 109.00 3.00 6.000 2.000 -1.200 109.00 0.00 3.200 2.000 -1.200 106.00 0.00 0.000 1.000 0.000
q 0 3.200 -2.000 -1.200 109.00 0.00 6.000 -2.000 -1.200 112.00 0.00 6.000 -2.000 1.200 112.00 3.00 3.200 -2.000 1.200 109.00 3.00 0.000 -1.000 0.000
q 0 3.200 -2.000 -1.200 103.00 7.00 3.200 -2.000 1.200 106.00 7.00 3.200 2.000 1.200 106.00 3.00 3.200 2.000 -1.200 103.00 3.00 -1.000 0.000 0.000
q 0 6.000 -2.000 -1.200 106.00 7.00 3.200 -2.000 -1.200 109.00 7.00 3.200 2.000 -1.200 109.00 3.00 6.000 2.000 -1.200 106.00 3.00 0.000 0.000 -1.000
q 0 6.000 -2.000 1.200 109.00 7.00 6.000 -2.000 -1.200 112.00 7.00 6.000 2.000 -1.200 112.00 3.00 6.000 2.000 1.200 109.00 3.00 1.000 -0.000 0.000
q 0 3.200 -2.000 1.200 112.00 7.00 6.000 -2.000 1.200 115.00 7.00 6.000 2.000 1.200 115.00 3.00 3.200 2.000 1.200 112.00 3.00 0.000 -0.000 1.000
q 0 -1.800 -2.000 1.800 4.00 23.00 1.800 -2.000 1.800 8.00 23.00 1.800 -2.000 -1.800 8.00 19.00 -1.800 -2.000 -1.800 4.00 19.00 0.000 1.000 0.000
q 0 -1.800 -4.000 -1.800 8.00 19.00 1.800 -4.000 -1.800 12.00 19.00 1.800 -4.000 1.800 12.00 23.00 -1.800 -4.000 1.800 8.00 23.00 0.000 -1.000 0.000
q 0 -1.800 -4.000 -1.800 0.00 25.00 -1.800 -4.000 1.800 4.00 25.00 -1.800 -2.000 1.800 4.00 23.00 -1.800 -2.000 -1.800 0.00 23.00 -1.000 0.000 0.000
q 0 1.800 -4.000 -1.800 4.00 25.00 -1.800 -4.000 -1.800 8.00 25.00 -1.800 -2.000 -1.800 8.00 23.00 1.800 -2.000 -1.800 4.00 23.00 0.000 0.000 -1.000
q 0 1.800 -4.000 1.800 8.00 25.00 1.800 -4.000 -1.800 12.00 25.00 1.800 -2.000 -1.800 12.00 23.00 1.800 -2.000 1.800 8.00 23.00 1.000 -0.000 0.000
q 0 -1.800 -4.000 1.800 12.00 25.00 1.800 -4.000 1.800 16.00 25.00 1.800 -2.000 1.800 16.00 23.00 -1.800 -2.000 1.800 12.00 23.00 0.000 -0.000 1.000
q 0 -1.000 -4.000 1.000 19.00 21.00 1.000 -4.000 1.000 21.00 21.00 1.000 -4.000 -1.000 21.00 19.00 -1.000 -4.000 -1.000 19.00 19.00 0.000 1.000 0.000
q 0 -1.000 -50.000 -1.000 21.00 19.00 1.000 -50.000 -1.000 23.00 19.00 1.000 -50.000 1.000 23.00 21.00 -1.000 -50.000 1.000 21.00 21.00 0.000 -1.000 0.000
q 0 -1.000 -50.000 -1.000 17.00 67.00 -1.000 -50.000 1.000 19.00 67.00 -1.000 -4.000 1.000 19.00 21.00 -1.000 -4.000 -1.000 17.00 21.00 -1.000 0.000 0.000
q 0 1.000 -50.000 -1.000 19.00 67.00 -1.000 -50.000 -1.000 21.00 67.00 -1.000 -4.000 -1.000 21.00 21.00 1.000 -4.000 -1.000 19.00 21.00 0.000 0.000 -1.000
q 0 1.000 -50.000 1.000 21.00 67.00 1.000 -50.000 -1.000 23.00 67.00 1.000 -4.000 -1.000 23.00 21.00 1.000 -4.000 1.000 21.00 21.00 1.000 -0.000 0.000
q 0 -1.000 -50.000 1.000 23.00 67.00 1.000 -50.000 1.000 25.00 67.00 1.000 -4.000 1.000 25.00 21.00 -1.000 -4.000 1.000 23.00 21.00 0.000 -0.000 1.000
q 0 -1.300 -14.000 1.300 29.00 22.00 1.300 -14.000 1.300 32.00 22.00 1.300 -14.000 -1.300 32.00 19.00 -1.300 -14.000 -1.300 29.00 19.00 0.000 1.000 0.000
q 0 -1.300 -15.000 -1.300 32.00 19.00 1.300 -15.000 -1.300 35.00 19.00 1.300 -15.000 1.300 35.00 22.00 -1.300 -15.000 1.300 32.00 22.00 0.000 -1.000 0.000
q 0 -1.300 -15.000 -1.300 26.00 23.00 -1.300 -15.000 1.300 29.00 23.00 -1.300 -14.000 1.300 29.00 22.00 -1.300 -14.000 -1.300 26.00 22.00 -1.000 0.000 0.000
q 0 1.300 -15.000 -1.300 29.00 23.00 -1.300 -15.000 -1.300 32.00 23.00 -1.300 -14.000 -1.300 32.00 22.00 1.300 -14.000 -1.300 29.00 22.00 0.000 0.000 -1.000
q 0 1.300 -15.000 1.300 32.00 23.00 1.300 -15.000 -1.300 35.00 23.00 1.300 -14.000 -1.300 35.00 22.00 1.300 -14.000 1.300 32.00 22.00 1.000 -0.000 0.000
q 0 -1.300 -15.000 1.300 35.00 23.00 1.300 -15.000 1.300 38.00 23.00 1.300 -14.000 1.300 38.00 22.00 -1.300 -14.000 1.300 35.00 22.00 0.000 -0.000 1.000
q 0 -1.300 -28.000 1.300 42.00 22.00 1.300 -28.000 1.300 45.00 22.00 1.300 -28.000 -1.300 45.00 19.00 -1.300 -28.000 -1.300 42.00 19.00 0.000 1.000 0.000
q 0 -1.300 -29.000 -1.300 45.00 19.00 1.300 -29.000 -1.300 48.00 19.00 1.300 -29.000 1.300 48.00 22.00 -1.300 -29.000 1.300 45.00 22.00 0.000 -1.000 0.000
q 0 -1.300 -29.000 -1.300 39.00 23.00 -1.300 -29.000 1.300 42.00 23.00 -1.300 -28.000 1.300 42.00 22.00 -1.300 -28.000 -1.300 39.00 22.00 -1.000 0.000 0.000
q 0 1.300 -29.000 -1.300 42.00 23.00 -1.300 -29.000 -1.300 45.00 23.00 -1.300 -28.000 -1.300 45.00 22.00 1.300 -28.000 -1.300 42.00 22.00 0.000 0.000 -1.000
q 0 1.300 -29.000 1.300 45.00 23.00 1.300 -29.000 -1.300 48.00 23.00 1.300 -28.000 -1.300 48.00 22.00 1.300 -28.000 1.300 45.00 22.00 1.000 -0.000 0.000
q 0 -1.300 -29.000 1.300 48.00 23.00 1.300 -29.000 1.300 51.00 23.00 1.300 -28.000 1.300 51.00 22.00 -1.300 -28.000 1.300 48.00 22.00 0.000 -0.000 1.000
q 0 -1.300 -42.000 1.300 55.00 22.00 1.300 -42.000 1.300 58.00 22.00 1.300 -42.000 -1.300 58.00 19.00 -1.300 -42.000 -1.300 55.00 19.00 0.000 1.000 0.000
q 0 -1.300 -43.000 -1.300 58.00 19.00 1.300 -43.000 -1.300 61.00 19.00 1.300 -43.000 1.300 61.00 22.00 -1.300 -43.000 1.300 58.00 22.00 0.000 -1.000 0.000
q 0 -1.300 -43.000 -1.300 52.00 23.00 -1.300 -43.000 1.300 55.00 23.00 -1.300 -42.000 1.300 55.00 22.00 -1.300 -42.000 -1.300 52.00 22.00 -1.000 0.000 0.000
q 0 1.300 -43.000 -1.300 55.00 23.00 -1.300 -43.000 -1.300 58.00 23.00 -1.300 -42.000 -1.300 58.00 22.00 1.300 -42.000 -1.300 55.00 22.00 0.000 0.000 -1.000
q 0 1.300 -43.000 1.300 58.00 23.00 1.300 -43.000 -1.300 61.00 23.00 1.300 -42.000 -1.300 61.00 22.00 1.300 -42.000 1.300 58.00 22.00 1.000 -0.000 0.000
q 0 -1.300 -43.000 1.300 61.00 23.00 1.300 -43.000 1.300 64.00 23.00 1.300 -42.000 1.300 64.00 22.00 -1.300 -42.000 1.300 61.00 22.00 0.000 -0.000 1.000
q 0 -1.500 -50.000 1.500 68.00 22.00 1.500 -50.000 1.500 71.00 22.00 1.500 -50.000 -1.500 71.00 19.00 -1.500 -50.000 -1.500 68.00 19.00 0.000 1.000 0.000
q 0 -1.500 -53.000 -1.500 71.00 19.00 1.500 -53.000 -1.500 74.00 19.00 1.500 -53.000 1.500 74.00 22.00 -1.500 -53.000 1.500 71.00 22.00 0.000 -1.000 0.000
q 0 -1.500 -53.000 -1.500 65.00 25.00 -1.500 -53.000 1.500 68.00 25.00 -1.500 -50.000 1.500 68.00 22.00 -1.500 -50.000 -1.500 65.00 22.00 -1.000 0.000 0.000
q 0 1.500 -53.000 -1.500 68.00 25.00 -1.500 -53.000 -1.500 71.00 25.00 -1.500 -50.000 -1.500 71.00 22.00 1.500 -50.000 -1.500 68.00 22.00 0.000 0.000 -1.000
q 2 1.500 -53.000 -1.500 68.00 25.00 -1.500 -53.000 -1.500 71.00 25.00 -1.500 -50.000 -1.500 71.00 22.00 1.500 -50.000 -1.500 68.00 22.00 0.000 0.000 -1.000
q 0 1.500 -53.000 1.500 71.00 25.00 1.500 -53.000 -1.500 74.00 25.00 1.500 -50.000 -1.500 74.00 22.00 1.500 -50.000 1.500 71.00 22.00 1.000 -0.000 0.000
q 0 -1.500 -53.000 1.500 74.00 25.00 1.500 -53.000 1.500 77.00 25.00 1.500 -50.000 1.500 77.00 22.00 -1.500 -50.000 1.500 74.00 22.00 0.000 -0.000 1.000
q 2 -1.500 -53.000 1.500 74.00 25.00 1.500 -53.000 1.500 77.00 25.00 1.500 -50.000 1.500 77.00 22.00 -1.500 -50.000 1.500 74.00 22.00 0.000 -0.000 1.000
