# generated by tools/gen_weapon_models.py (recovery_salve)
place 0.50000 0.20312 90.000 0.045673 -6.000
glow 8CFFAA 0.05 0.4 0.8
q 0 -5.000 3.000 5.000 10.00 10.00 5.000 3.000 5.000 20.00 10.00 5.000 3.000 -5.000 20.00 0.00 -5.000 3.000 -5.000 10.00 0.00 0.000 1.000 0.000
q 0 -5.000 -6.000 -5.000 20.00 0.00 5.000 -6.000 -5.000 30.00 0.00 5.000 -6.000 5.000 30.00 10.00 -5.000 -6.000 5.000 20.00 10.00 0.000 -1.000 0.000
q 2 -5.000 -6.000 -5.000 20.00 0.00 5.000 -6.000 -5.000 30.00 0.00 5.000 -6.000 5.000 30.00 10.00 -5.000 -6.000 5.000 20.00 10.00 0.000 -1.000 0.000
q 0 -5.000 -6.000 -5.000 0.00 19.00 -5.000 -6.000 5.000 10.00 19.00 -5.000 3.000 5.000 10.00 10.00 -5.000 3.000 -5.000 0.00 10.00 -1.000 0.000 0.000
q 2 -5.000 -6.000 -5.000 0.00 19.00 -5.000 -6.000 5.000 10.00 19.00 -5.000 3.000 5.000 10.00 10.00 -5.000 3.000 -5.000 0.00 10.00 -1.000 0.000 0.000
q 0 5.000 -6.000 -5.000 10.00 19.00 -5.000 -6.000 -5.000 20.00 19.00 -5.000 3.000 -5.000 20.00 10.00 5.000 3.000 -5.000 10.00 10.00 0.000 0.000 -1.000
q 2 5.000 -6.000 -5.000 10.00 19.00 -5.000 -6.000 -5.000 20.00 19.00 -5.000 3.000 -5.000 20.00 10.00 5.000 3.000 -5.000 10.00 10.00 0.000 0.000 -1.000
q 0 5.000 -6.000 5.000 20.00 19.00 5.000 -6.000 -5.000 30.00 19.00 5.000 3.000 -5.000 30.00 10.00 5.000 3.000 5.000 20.00 10.00 1.000 -0.000 0.000
q 2 5.000 -6.000 5.000 20.00 19.00 5.000 -6.000 -5.000 30.00 19.00 5.000 3.000 -5.000 30.00 10.00 5.000 3.000 5.000 20.00 10.00 1.000 -0.000 0.000
q 0 -5.000 -6.000 5.000 30.00 19.00 5.000 -6.000 5.000 40.00 19.00 5.000 3.000 5.000 40.00 10.00 -5.000 3.000 5.000 30.00 10.00 0.000 -0.000 1.000
q 2 -5.000 -6.000 5.000 30.00 19.00 5.000 -6.000 5.000 40.00 19.00 5.000 3.000 5.000 40.00 10.00 -5.000 3.000 5.000 30.00 10.00 0.000 -0.000 1.000
q 0 -3.500 4.500 3.500 48.00 7.00 3.500 4.500 3.500 55.00 7.00 3.500 4.500 -3.500 55.00 0.00 -3.500 4.500 -3.500 48.00 0.00 0.000 1.000 0.000
q 0 -3.500 3.000 -3.500 55.00 0.00 3.500 3.000 -3.500 62.00 0.00 3.500 3.000 3.500 62.00 7.00 -3.500 3.000 3.500 55.00 7.00 0.000 -1.000 0.000
q 0 -3.500 3.000 -3.500 41.00 9.00 -3.500 3.000 3.500 48.00 9.00 -3.500 4.500 3.500 48.00 7.00 -3.500 4.500 -3.500 41.00 7.00 -1.000 0.000 0.000
q 0 3.500 3.000 -3.500 48.00 9.00 -3.500 3.000 -3.500 55.00 9.00 -3.500 4.500 -3.500 55.00 7.00 3.500 4.500 -3.500 48.00 7.00 0.000 0.000 -1.000
q 0 3.500 3.000 3.500 55.00 9.00 3.500 3.000 -3.500 62.00 9.00 3.500 4.500 -3.500 62.00 7.00 3.500 4.500 3.500 55.00 7.00 1.000 -0.000 0.000
q 0 -3.500 3.000 3.500 62.00 9.00 3.500 3.000 3.500 69.00 9.00 3.500 4.500 3.500 69.00 7.00 -3.500 4.500 3.500 62.00 7.00 0.000 -0.000 1.000
q 0 -3.000 7.000 3.000 76.00 6.00 3.000 7.000 3.000 82.00 6.00 3.000 7.000 -3.000 82.00 0.00 -3.000 7.000 -3.000 76.00 0.00 0.000 1.000 0.000
q 0 -3.000 4.500 -3.000 82.00 0.00 3.000 4.500 -3.000 88.00 0.00 3.000 4.500 3.000 88.00 6.00 -3.000 4.500 3.000 82.00 6.00 0.000 -1.000 0.000
q 0 -3.000 4.500 -3.000 70.00 9.00 -3.000 4.500 3.000 76.00 9.00 -3.000 7.000 3.000 76.00 6.00 -3.000 7.000 -3.000 70.00 6.00 -1.000 0.000 0.000
q 0 3.000 4.500 -3.000 76.00 9.00 -3.000 4.500 -3.000 82.00 9.00 -3.000 7.000 -3.000 82.00 6.00 3.000 7.000 -3.000 76.00 6.00 0.000 0.000 -1.000
q 0 3.000 4.500 3.000 82.00 9.00 3.000 4.500 -3.000 88.00 9.00 3.000 7.000 -3.000 88.00 6.00 3.000 7.000 3.000 82.00 6.00 1.000 -0.000 0.000
q 0 -3.000 4.500 3.000 88.00 9.00 3.000 4.500 3.000 94.00 9.00 3.000 7.000 3.000 94.00 6.00 -3.000 7.000 3.000 88.00 6.00 0.000 -0.000 1.000
