# generated by tools/gen_weapon_models.py (rimeheart_runeblade)
place 0.11048 0.10796 45.296 0.016187 -21.000
glow 50E6FA 0.1 0.45 1.0
q 0 -5.000 0.000 0.400 2.00 50.00 0.000 0.000 1.500 7.00 50.00 0.000 10.000 1.500 7.00 40.00 -6.000 10.000 0.400 1.00 40.00 -0.196 -0.010 0.981
q 2 -5.000 0.000 0.400 2.00 50.00 0.000 0.000 1.500 7.00 50.00 0.000 10.000 1.500 7.00 40.00 -6.000 10.000 0.400 1.00 40.00 -0.196 -0.010 0.981
q 0 0.000 0.000 1.500 7.00 50.00 5.000 0.000 0.400 12.00 50.00 6.000 10.000 0.400 13.00 40.00 0.000 10.000 1.500 7.00 40.00 0.196 -0.010 0.981
q 2 0.000 0.000 1.500 7.00 50.00 5.000 0.000 0.400 12.00 50.00 6.000 10.000 0.400 13.00 40.00 0.000 10.000 1.500 7.00 40.00 0.196 -0.010 0.981
q 0 -5.000 0.000 -0.400 27.00 50.00 -6.000 10.000 -0.400 28.00 40.00 0.000 10.000 -1.500 22.00 40.00 0.000 0.000 -1.500 22.00 50.00 -0.196 -0.010 -0.981
q 2 -5.000 0.000 -0.400 27.00 50.00 -6.000 10.000 -0.400 28.00 40.00 0.000 10.000 -1.500 22.00 40.00 0.000 0.000 -1.500 22.00 50.00 -0.196 -0.010 -0.981
q 0 0.000 0.000 -1.500 22.00 50.00 0.000 10.000 -1.500 22.00 40.00 6.000 10.000 -0.400 16.00 40.00 5.000 0.000 -0.400 17.00 50.00 0.196 -0.010 -0.981
q 2 0.000 0.000 -1.500 22.00 50.00 0.000 10.000 -1.500 22.00 40.00 6.000 10.000 -0.400 16.00 40.00 5.000 0.000 -0.400 17.00 50.00 0.196 -0.010 -0.981
q 0 -5.000 0.000 0.400 32.00 50.00 -6.000 10.000 0.400 32.00 40.00 -6.000 10.000 -0.400 30.00 40.00 -5.000 0.000 -0.400 30.00 50.00 -0.995 -0.100 -0.000
q 2 -5.000 0.000 0.400 32.00 50.00 -6.000 10.000 0.400 32.00 40.00 -6.000 10.000 -0.400 30.00 40.00 -5.000 0.000 -0.400 30.00 50.00 -0.995 -0.100 -0.000
q 0 5.000 0.000 0.400 32.00 50.00 5.000 0.000 -0.400 30.00 50.00 6.000 10.000 -0.400 30.00 40.00 6.000 10.000 0.400 32.00 40.00 0.995 -0.100 0.000
q 2 5.000 0.000 0.400 32.00 50.00 5.000 0.000 -0.400 30.00 50.00 6.000 10.000 -0.400 30.00 40.00 6.000 10.000 0.400 32.00 40.00 0.995 -0.100 0.000
q 0 -6.000 10.000 0.400 1.00 40.00 0.000 10.000 1.500 7.00 40.00 0.000 30.000 1.500 7.00 20.00 -5.400 30.000 0.400 1.60 20.00 -0.189 0.003 0.982
q 2 -6.000 10.000 0.400 1.00 40.00 0.000 10.000 1.500 7.00 40.00 0.000 30.000 1.500 7.00 20.00 -5.400 30.000 0.400 1.60 20.00 -0.189 0.003 0.982
q 0 0.000 10.000 1.500 7.00 40.00 6.000 10.000 0.400 13.00 40.00 5.400 30.000 0.400 12.40 20.00 0.000 30.000 1.500 7.00 20.00 0.189 0.003 0.982
q 2 0.000 10.000 1.500 7.00 40.00 6.000 10.000 0.400 13.00 40.00 5.400 30.000 0.400 12.40 20.00 0.000 30.000 1.500 7.00 20.00 0.189 0.003 0.982
q 0 -6.000 10.000 -0.400 28.00 40.00 -5.400 30.000 -0.400 27.40 20.00 0.000 30.000 -1.500 22.00 20.00 0.000 10.000 -1.500 22.00 40.00 -0.189 0.003 -0.982
q 2 -6.000 10.000 -0.400 28.00 40.00 -5.400 30.000 -0.400 27.40 20.00 0.000 30.000 -1.500 22.00 20.00 0.000 10.000 -1.500 22.00 40.00 -0.189 0.003 -0.982
q 0 0.000 10.000 -1.500 22.00 40.00 0.000 30.000 -1.500 22.00 20.00 5.400 30.000 -0.400 16.60 20.00 6.000 10.000 -0.400 16.00 40.00 0.189 0.003 -0.982
q 2 0.000 10.000 -1.500 22.00 40.00 0.000 30.000 -1.500 22.00 20.00 5.400 30.000 -0.400 16.60 20.00 6.000 10.000 -0.400 16.00 40.00 0.189 0.003 -0.982
q 0 -6.000 10.000 0.400 32.00 40.00 -5.400 30.000 0.400 32.00 20.00 -5.400 30.000 -0.400 30.00 20.00 -6.000 10.000 -0.400 30.00 40.00 -1.000 0.030 -0.000
q 2 -6.000 10.000 0.400 32.00 40.00 -5.400 30.000 0.400 32.00 20.00 -5.400 30.000 -0.400 30.00 20.00 -6.000 10.000 -0.400 30.00 40.00 -1.000 0.030 -0.000
q 0 6.000 10.000 0.400 32.00 40.00 6.000 10.000 -0.400 30.00 40.00 5.400 30.000 -0.400 30.00 20.00 5.400 30.000 0.400 32.00 20.00 1.000 0.030 0.000
q 2 6.000 10.000 0.400 32.00 40.00 6.000 10.000 -0.400 30.00 40.00 5.400 30.000 -0.400 30.00 20.00 5.400 30.000 0.400 32.00 20.00 1.000 0.030 0.000
q 0 -5.400 30.000 0.400 1.60 20.00 0.000 30.000 1.500 7.00 20.00 0.000 40.000 1.500 7.00 10.00 -4.400 40.000 0.400 2.60 10.00 -0.219 0.011 0.976
q 2 -5.400 30.000 0.400 1.60 20.00 0.000 30.000 1.500 7.00 20.00 0.000 40.000 1.500 7.00 10.00 -4.400 40.000 0.400 2.60 10.00 -0.219 0.011 0.976
q 0 0.000 30.000 1.500 7.00 20.00 5.400 30.000 0.400 12.40 20.00 4.400 40.000 0.400 11.40 10.00 0.000 40.000 1.500 7.00 10.00 0.219 0.011 0.976
q 2 0.000 30.000 1.500 7.00 20.00 5.400 30.000 0.400 12.40 20.00 4.400 40.000 0.400 11.40 10.00 0.000 40.000 1.500 7.00 10.00 0.219 0.011 0.976
q 0 -5.400 30.000 -0.400 27.40 20.00 -4.400 40.000 -0.400 26.40 10.00 0.000 40.000 -1.500 22.00 10.00 0.000 30.000 -1.500 22.00 20.00 -0.219 0.011 -0.976
q 2 -5.400 30.000 -0.400 27.40 20.00 -4.400 40.000 -0.400 26.40 10.00 0.000 40.000 -1.500 22.00 10.00 0.000 30.000 -1.500 22.00 20.00 -0.219 0.011 -0.976
q 0 0.000 30.000 -1.500 22.00 20.00 0.000 40.000 -1.500 22.00 10.00 4.400 40.000 -0.400 17.60 10.00 5.400 30.000 -0.400 16.60 20.00 0.219 0.011 -0.976
q 2 0.000 30.000 -1.500 22.00 20.00 0.000 40.000 -1.500 22.00 10.00 4.400 40.000 -0.400 17.60 10.00 5.400 30.000 -0.400 16.60 20.00 0.219 0.011 -0.976
q 0 -5.400 30.000 0.400 32.00 20.00 -4.400 40.000 0.400 32.00 10.00 -4.400 40.000 -0.400 30.00 10.00 -5.400 30.000 -0.400 30.00 20.00 -0.995 0.100 -0.000
q 2 -5.400 30.000 0.400 32.00 20.00 -4.400 40.000 0.400 32.00 10.00 -4.400 40.000 -0.400 30.00 10.00 -5.400 30.000 -0.400 30.00 20.00 -0.995 0.100 -0.000
q 0 5.400 30.000 0.400 32.00 20.00 5.400 30.000 -0.400 30.00 20.00 4.400 40.000 -0.400 30.00 10.00 4.400 40.000 0.400 32.00 10.00 0.995 0.100 0.000
q 2 5.400 30.000 0.400 32.00 20.00 5.400 30.000 -0.400 30.00 20.00 4.400 40.000 -0.400 30.00 10.00 4.400 40.000 0.400 32.00 10.00 0.995 0.100 0.000
q 0 -4.400 40.000 0.400 2.60 10.00 0.000 40.000 1.500 7.00 10.00 0.000 50.000 1.500 7.00 0.00 0.000 50.000 0.400 7.00 0.00 -0.445 0.098 0.890
q 2 -4.400 40.000 0.400 2.60 10.00 0.000 40.000 1.500 7.00 10.00 0.000 50.000 1.500 7.00 0.00 0.000 50.000 0.400 7.00 0.00 -0.445 0.098 0.890
q 0 0.000 40.000 1.500 7.00 10.00 4.400 40.000 0.400 11.40 10.00 0.000 50.000 0.400 7.00 0.00 0.000 50.000 1.500 7.00 0.00 0.445 0.098 0.890
q 2 0.000 40.000 1.500 7.00 10.00 4.400 40.000 0.400 11.40 10.00 0.000 50.000 0.400 7.00 0.00 0.000 50.000 1.500 7.00 0.00 0.445 0.098 0.890
q 0 -4.400 40.000 -0.400 26.40 10.00 0.000 50.000 -0.400 22.00 0.00 0.000 50.000 -1.500 22.00 0.00 0.000 40.000 -1.500 22.00 10.00 -0.445 0.098 -0.890
q 2 -4.400 40.000 -0.400 26.40 10.00 0.000 50.000 -0.400 22.00 0.00 0.000 50.000 -1.500 22.00 0.00 0.000 40.000 -1.500 22.00 10.00 -0.445 0.098 -0.890
q 0 0.000 40.000 -1.500 22.00 10.00 0.000 50.000 -1.500 22.00 0.00 0.000 50.000 -0.400 22.00 0.00 4.400 40.000 -0.400 17.60 10.00 0.445 0.098 -0.890
q 2 0.000 40.000 -1.500 22.00 10.00 0.000 50.000 -1.500 22.00 0.00 0.000 50.000 -0.400 22.00 0.00 4.400 40.000 -0.400 17.60 10.00 0.445 0.098 -0.890
q 0 -4.400 40.000 0.400 32.00 10.00 0.000 50.000 0.400 32.00 0.00 0.000 50.000 -0.400 30.00 0.00 -4.400 40.000 -0.400 30.00 10.00 -0.915 0.403 -0.000
q 2 -4.400 40.000 0.400 32.00 10.00 0.000 50.000 0.400 32.00 0.00 0.000 50.000 -0.400 30.00 0.00 -4.400 40.000 -0.400 30.00 10.00 -0.915 0.403 -0.000
q 0 4.400 40.000 0.400 32.00 10.00 4.400 40.000 -0.400 30.00 10.00 0.000 50.000 -0.400 30.00 0.00 0.000 50.000 0.400 32.00 0.00 0.915 0.403 0.000
q 2 4.400 40.000 0.400 32.00 10.00 4.400 40.000 -0.400 30.00 10.00 0.000 50.000 -0.400 30.00 0.00 0.000 50.000 0.400 32.00 0.00 0.915 0.403 0.000
q 0 -5.000 0.000 0.400 30.00 50.00 -5.000 0.000 -0.400 30.00 50.50 0.000 0.000 -1.500 31.00 50.50 0.000 0.000 1.500 31.00 50.00 -0.000 -1.000 -0.000
q 0 0.000 0.000 1.500 31.00 50.00 0.000 0.000 -1.500 31.00 50.50 5.000 0.000 -0.400 32.00 50.50 5.000 0.000 0.400 32.00 50.00 -0.000 -1.000 -0.000
q 0 -12.500 -5.000 1.400 33.00 9.00 12.500 -5.000 1.400 58.00 9.00 12.500 4.000 1.400 58.00 0.00 -12.500 4.000 1.400 33.00 0.00 0.000 -0.000 1.000
q 2 -12.500 -5.000 1.400 33.00 9.00 12.500 -5.000 1.400 58.00 9.00 12.500 4.000 1.400 58.00 0.00 -12.500 4.000 1.400 33.00 0.00 0.000 -0.000 1.000
q 0 -12.500 -5.000 -1.400 84.00 9.00 -12.500 4.000 -1.400 84.00 0.00 12.500 4.000 -1.400 59.00 0.00 12.500 -5.000 -1.400 59.00 9.00 -0.000 0.000 -1.000
q 2 -12.500 -5.000 -1.400 84.00 9.00 -12.500 4.000 -1.400 84.00 0.00 12.500 4.000 -1.400 59.00 0.00 12.500 -5.000 -1.400 59.00 9.00 -0.000 0.000 -1.000
q 0 -11.500 4.000 1.400 34.00 0.50 -5.500 4.000 1.400 40.00 0.50 -5.500 4.000 -1.400 40.00 0.50 -11.500 4.000 -1.400 34.00 0.50 0.000 1.000 0.000
q 0 -2.500 4.000 1.400 43.00 0.50 2.500 4.000 1.400 48.00 0.50 2.500 4.000 -1.400 48.00 0.50 -2.500 4.000 -1.400 43.00 0.50 0.000 1.000 0.000
q 0 5.500 4.000 1.400 51.00 0.50 11.500 4.000 1.400 57.00 0.50 11.500 4.000 -1.400 57.00 0.50 5.500 4.000 -1.400 51.00 0.50 0.000 1.000 0.000
q 0 -5.500 3.000 1.400 40.00 1.50 -3.500 3.000 1.400 42.00 1.50 -3.500 3.000 -1.400 42.00 1.50 -5.500 3.000 -1.400 40.00 1.50 0.000 1.000 0.000
q 0 3.500 3.000 1.400 49.00 1.50 5.500 3.000 1.400 51.00 1.50 5.500 3.000 -1.400 51.00 1.50 3.500 3.000 -1.400 49.00 1.50 0.000 1.000 0.000
q 0 -5.500 2.000 1.400 40.00 1.50 -5.500 2.000 -1.400 40.00 1.50 -3.500 2.000 -1.400 42.00 1.50 -3.500 2.000 1.400 42.00 1.50 -0.000 -1.000 -0.000
q 0 3.500 2.000 1.400 49.00 1.50 3.500 2.000 -1.400 49.00 1.50 5.500 2.000 -1.400 51.00 1.50 5.500 2.000 1.400 51.00 1.50 -0.000 -1.000 -0.000
q 0 -5.500 1.000 1.400 40.00 3.50 -2.500 1.000 1.400 43.00 3.50 -2.500 1.000 -1.400 43.00 3.50 -5.500 1.000 -1.400 40.00 3.50 0.000 1.000 0.000
q 0 2.500 1.000 1.400 48.00 3.50 5.500 1.000 1.400 51.00 3.50 5.500 1.000 -1.400 51.00 3.50 2.500 1.000 -1.400 48.00 3.50 0.000 1.000 0.000
q 0 -11.500 -2.000 1.400 34.00 5.50 -11.500 -2.000 -1.400 34.00 5.50 -2.500 -2.000 -1.400 43.00 5.50 -2.500 -2.000 1.400 43.00 5.50 -0.000 -1.000 -0.000
q 0 2.500 -2.000 1.400 48.00 5.50 2.500 -2.000 -1.400 48.00 5.50 11.500 -2.000 -1.400 57.00 5.50 11.500 -2.000 1.400 57.00 5.50 -0.000 -1.000 -0.000
q 0 -2.500 -5.000 1.400 43.00 8.50 -2.500 -5.000 -1.400 43.00 8.50 2.500 -5.000 -1.400 48.00 8.50 2.500 -5.000 1.400 48.00 8.50 -0.000 -1.000 -0.000
q 0 -11.500 4.000 1.400 34.50 0.00 -11.500 4.000 -1.400 34.50 0.00 -11.500 -2.000 -1.400 34.50 6.00 -11.500 -2.000 1.400 34.50 6.00 -1.000 -0.000 -0.000
q 0 -5.500 4.000 1.400 39.50 0.00 -5.500 3.000 1.400 39.50 1.00 -5.500 3.000 -1.400 39.50 1.00 -5.500 4.000 -1.400 39.50 0.00 1.000 0.000 0.000
q 0 -5.500 2.000 1.400 39.50 2.00 -5.500 1.000 1.400 39.50 3.00 -5.500 1.000 -1.400 39.50 3.00 -5.500 2.000 -1.400 39.50 2.00 1.000 0.000 0.000
q 0 -3.500 3.000 1.400 41.50 1.00 -3.500 2.000 1.400 41.50 2.00 -3.500 2.000 -1.400 41.50 2.00 -3.500 3.000 -1.400 41.50 1.00 1.000 0.000 0.000
q 0 -2.500 4.000 1.400 43.50 0.00 -2.500 4.000 -1.400 43.50 0.00 -2.500 1.000 -1.400 43.50 3.00 -2.500 1.000 1.400 43.50 3.00 -1.000 -0.000 -0.000
q 0 -2.500 -2.000 1.400 43.50 6.00 -2.500 -2.000 -1.400 43.50 6.00 -2.500 -5.000 -1.400 43.50 9.00 -2.500 -5.000 1.400 43.50 9.00 -1.000 -0.000 -0.000
q 0 2.500 4.000 1.400 47.50 0.00 2.500 1.000 1.400 47.50 3.00 2.500 1.000 -1.400 47.50 3.00 2.500 4.000 -1.400 47.50 0.00 1.000 0.000 0.000
q 0 2.500 -2.000 1.400 47.50 6.00 2.500 -5.000 1.400 47.50 9.00 2.500 -5.000 -1.400 47.50 9.00 2.500 -2.000 -1.400 47.50 6.00 1.000 0.000 0.000
q 0 3.500 3.000 1.400 49.50 1.00 3.500 3.000 -1.400 49.50 1.00 3.500 2.000 -1.400 49.50 2.00 3.500 2.000 1.400 49.50 2.00 -1.000 -0.000 -0.000
q 0 5.500 4.000 1.400 51.50 0.00 5.500 4.000 -1.400 51.50 0.00 5.500 3.000 -1.400 51.50 1.00 5.500 3.000 1.400 51.50 1.00 -1.000 -0.000 -0.000
q 0 5.500 2.000 1.400 51.50 2.00 5.500 2.000 -1.400 51.50 2.00 5.500 1.000 -1.400 51.50 3.00 5.500 1.000 1.400 51.50 3.00 -1.000 -0.000 -0.000
q 0 11.500 4.000 1.400 56.50 0.00 11.500 -2.000 1.400 56.50 6.00 11.500 -2.000 -1.400 56.50 6.00 11.500 4.000 -1.400 56.50 0.00 1.000 0.000 0.000
q 0 -1.500 -5.000 1.400 88.00 3.00 1.500 -5.000 1.400 91.00 3.00 1.500 -5.000 -1.400 91.00 0.00 -1.500 -5.000 -1.400 88.00 0.00 0.000 1.000 0.000
q 0 -1.500 -18.000 -1.400 91.00 0.00 1.500 -18.000 -1.400 94.00 0.00 1.500 -18.000 1.400 94.00 3.00 -1.500 -18.000 1.400 91.00 3.00 0.000 -1.000 0.000
q 0 -1.500 -18.000 -1.400 85.00 16.00 -1.500 -18.000 1.400 88.00 16.00 -1.500 -5.000 1.400 88.00 3.00 -1.500 -5.000 -1.400 85.00 3.00 -1.000 0.000 0.000
q 0 1.500 -18.000 -1.400 88.00 16.00 -1.500 -18.000 -1.400 91.00 16.00 -1.500 -5.000 -1.400 91.00 3.00 1.500 -5.000 -1.400 88.00 3.00 0.000 0.000 -1.000
q 0 1.500 -18.000 1.400 91.00 16.00 1.500 -18.000 -1.400 94.00 16.00 1.500 -5.000 -1.400 94.00 3.00 1.500 -5.000 1.400 91.00 3.00 1.000 -0.000 0.000
q 0 -1.500 -18.000 1.400 94.00 16.00 1.500 -18.000 1.400 97.00 16.00 1.500 -5.000 1.400 97.00 3.00 -1.500 -5.000 1.400 94.00 3.00 0.000 -0.000 1.000
q 0 -2.200 -18.000 2.200 103.00 5.00 2.200 -18.000 2.200 108.00 5.00 2.200 -18.000 -2.200 108.00 0.00 -2.200 -18.000 -2.200 103.00 0.00 0.000 1.000 0.000
q 0 -2.200 -21.000 -2.200 108.00 0.00 2.200 -21.000 -2.200 113.00 0.00 2.200 -21.000 2.200 113.00 5.00 -2.200 -21.000 2.200 108.00 5.00 0.000 -1.000 0.000
q 0 -2.200 -21.000 -2.200 98.00 8.00 -2.200 -21.000 2.200 103.00 8.00 -2.200 -18.000 2.200 103.00 5.00 -2.200 -18.000 -2.200 98.00 5.00 -1.000 0.000 0.000
q 0 2.200 -21.000 -2.200 103.00 8.00 -2.200 -21.000 -2.200 108.00 8.00 -2.200 -18.000 -2.200 108.00 5.00 2.200 -18.000 -2.200 103.00 5.00 0.000 0.000 -1.000
q 2 2.200 -21.000 -2.200 103.00 8.00 -2.200 -21.000 -2.200 108.00 8.00 -2.200 -18.000 -2.200 108.00 5.00 2.200 -18.000 -2.200 103.00 5.00 0.000 0.000 -1.000
q 0 2.200 -21.000 2.200 108.00 8.00 2.200 -21.000 -2.200 113.00 8.00 2.200 -18.000 -2.200 113.00 5.00 2.200 -18.000 2.200 108.00 5.00 1.000 -0.000 0.000
q 0 -2.200 -21.000 2.200 113.00 8.00 2.200 -21.000 2.200 118.00 8.00 2.200 -18.000 2.200 118.00 5.00 -2.200 -18.000 2.200 113.00 5.00 0.000 -0.000 1.000
q 2 -2.200 -21.000 2.200 113.00 8.00 2.200 -21.000 2.200 118.00 8.00 2.200 -18.000 2.200 118.00 5.00 -2.200 -18.000 2.200 113.00 5.00 0.000 -0.000 1.000
