# generated by tools/gen_weapon_models.py (severing_greatsword)
place 0.10937 0.10938 45.000 0.015528 -24.000
glow 28A5F5 0.08 0.5 1.0
q 0 -7.200 0.000 0.500 1.80 50.00 0.000 0.000 1.300 9.00 50.00 0.000 10.500 1.300 9.00 39.50 -7.000 10.500 0.500 2.00 39.50 -0.112 0.001 0.994
q 2 -7.200 0.000 0.500 1.80 50.00 0.000 0.000 1.300 9.00 50.00 0.000 10.500 1.300 9.00 39.50 -7.000 10.500 0.500 2.00 39.50 -0.112 0.001 0.994
q 0 0.000 0.000 1.300 9.00 50.00 7.200 0.000 0.500 16.20 50.00 7.000 10.500 0.500 16.00 39.50 0.000 10.500 1.300 9.00 39.50 0.112 0.001 0.994
q 2 0.000 0.000 1.300 9.00 50.00 7.200 0.000 0.500 16.20 50.00 7.000 10.500 0.500 16.00 39.50 0.000 10.500 1.300 9.00 39.50 0.112 0.001 0.994
q 0 -7.200 0.000 -0.500 35.20 50.00 -7.000 10.500 -0.500 35.00 39.50 0.000 10.500 -1.300 28.00 39.50 0.000 0.000 -1.300 28.00 50.00 -0.112 0.001 -0.994
q 2 -7.200 0.000 -0.500 35.20 50.00 -7.000 10.500 -0.500 35.00 39.50 0.000 10.500 -1.300 28.00 39.50 0.000 0.000 -1.300 28.00 50.00 -0.112 0.001 -0.994
q 0 0.000 0.000 -1.300 28.00 50.00 0.000 10.500 -1.300 28.00 39.50 7.000 10.500 -0.500 21.00 39.50 7.200 0.000 -0.500 20.80 50.00 0.112 0.001 -0.994
q 2 0.000 0.000 -1.300 28.00 50.00 0.000 10.500 -1.300 28.00 39.50 7.000 10.500 -0.500 21.00 39.50 7.200 0.000 -0.500 20.80 50.00 0.112 0.001 -0.994
q 0 -7.200 0.000 0.500 40.00 50.00 -7.000 10.500 0.500 40.00 39.50 -7.000 10.500 -0.500 38.00 39.50 -7.200 0.000 -0.500 38.00 50.00 -1.000 0.019 -0.000
q 0 7.200 0.000 0.500 40.00 50.00 7.200 0.000 -0.500 38.00 50.00 7.000 10.500 -0.500 38.00 39.50 7.000 10.500 0.500 40.00 39.50 1.000 0.019 0.000
q 0 -7.000 10.500 0.500 2.00 39.50 0.000 10.500 1.300 9.00 39.50 0.000 21.000 1.300 9.00 29.00 -6.800 21.000 0.500 2.20 29.00 -0.115 0.001 0.993
q 2 -7.000 10.500 0.500 2.00 39.50 0.000 10.500 1.300 9.00 39.50 0.000 21.000 1.300 9.00 29.00 -6.800 21.000 0.500 2.20 29.00 -0.115 0.001 0.993
q 0 0.000 10.500 1.300 9.00 39.50 7.000 10.500 0.500 16.00 39.50 6.800 21.000 0.500 15.80 29.00 0.000 21.000 1.300 9.00 29.00 0.115 0.001 0.993
q 2 0.000 10.500 1.300 9.00 39.50 7.000 10.500 0.500 16.00 39.50 6.800 21.000 0.500 15.80 29.00 0.000 21.000 1.300 9.00 29.00 0.115 0.001 0.993
q 0 -7.000 10.500 -0.500 35.00 39.50 -6.800 21.000 -0.500 34.80 29.00 0.000 21.000 -1.300 28.00 29.00 0.000 10.500 -1.300 28.00 39.50 -0.115 0.001 -0.993
q 2 -7.000 10.500 -0.500 35.00 39.50 -6.800 21.000 -0.500 34.80 29.00 0.000 21.000 -1.300 28.00 29.00 0.000 10.500 -1.300 28.00 39.50 -0.115 0.001 -0.993
q 0 0.000 10.500 -1.300 28.00 39.50 0.000 21.000 -1.300 28.00 29.00 6.800 21.000 -0.500 21.20 29.00 7.000 10.500 -0.500 21.00 39.50 0.115 0.001 -0.993
q 2 0.000 10.500 -1.300 28.00 39.50 0.000 21.000 -1.300 28.00 29.00 6.800 21.000 -0.500 21.20 29.00 7.000 10.500 -0.500 21.00 39.50 0.115 0.001 -0.993
q 0 -7.000 10.500 0.500 40.00 39.50 -6.800 21.000 0.500 40.00 29.00 -6.800 21.000 -0.500 38.00 29.00 -7.000 10.500 -0.500 38.00 39.50 -1.000 0.019 -0.000
q 0 7.000 10.500 0.500 40.00 39.50 7.000 10.500 -0.500 38.00 39.50 6.800 21.000 -0.500 38.00 29.00 6.800 21.000 0.500 40.00 29.00 1.000 0.019 0.000
q 0 -6.800 21.000 0.500 2.20 29.00 0.000 21.000 1.300 9.00 29.00 0.000 31.500 1.300 9.00 18.50 -6.600 31.500 0.500 2.40 18.50 -0.119 0.001 0.993
q 2 -6.800 21.000 0.500 2.20 29.00 0.000 21.000 1.300 9.00 29.00 0.000 31.500 1.300 9.00 18.50 -6.600 31.500 0.500 2.40 18.50 -0.119 0.001 0.993
q 0 0.000 21.000 1.300 9.00 29.00 6.800 21.000 0.500 15.80 29.00 6.600 31.500 0.500 15.60 18.50 0.000 31.500 1.300 9.00 18.50 0.119 0.001 0.993
q 2 0.000 21.000 1.300 9.00 29.00 6.800 21.000 0.500 15.80 29.00 6.600 31.500 0.500 15.60 18.50 0.000 31.500 1.300 9.00 18.50 0.119 0.001 0.993
q 0 -6.800 21.000 -0.500 34.80 29.00 -6.600 31.500 -0.500 34.60 18.50 0.000 31.500 -1.300 28.00 18.50 0.000 21.000 -1.300 28.00 29.00 -0.119 0.001 -0.993
q 2 -6.800 21.000 -0.500 34.80 29.00 -6.600 31.500 -0.500 34.60 18.50 0.000 31.500 -1.300 28.00 18.50 0.000 21.000 -1.300 28.00 29.00 -0.119 0.001 -0.993
q 0 0.000 21.000 -1.300 28.00 29.00 0.000 31.500 -1.300 28.00 18.50 6.600 31.500 -0.500 21.40 18.50 6.800 21.000 -0.500 21.20 29.00 0.119 0.001 -0.993
q 2 0.000 21.000 -1.300 28.00 29.00 0.000 31.500 -1.300 28.00 18.50 6.600 31.500 -0.500 21.40 18.50 6.800 21.000 -0.500 21.20 29.00 0.119 0.001 -0.993
q 0 -6.800 21.000 0.500 40.00 29.00 -6.600 31.500 0.500 40.00 18.50 -6.600 31.500 -0.500 38.00 18.50 -6.800 21.000 -0.500 38.00 29.00 -1.000 0.019 -0.000
q 0 6.800 21.000 0.500 40.00 29.00 6.800 21.000 -0.500 38.00 29.00 6.600 31.500 -0.500 38.00 18.50 6.600 31.500 0.500 40.00 18.50 1.000 0.019 0.000
q 0 -6.600 31.500 0.500 2.40 18.50 0.000 31.500 1.300 9.00 18.50 0.000 42.000 1.300 9.00 8.00 -6.400 42.000 0.500 2.60 8.00 -0.122 0.001 0.993
q 2 -6.600 31.500 0.500 2.40 18.50 0.000 31.500 1.300 9.00 18.50 0.000 42.000 1.300 9.00 8.00 -6.400 42.000 0.500 2.60 8.00 -0.122 0.001 0.993
q 0 0.000 31.500 1.300 9.00 18.50 6.600 31.500 0.500 15.60 18.50 6.400 42.000 0.500 15.40 8.00 0.000 42.000 1.300 9.00 8.00 0.122 0.001 0.993
q 2 0.000 31.500 1.300 9.00 18.50 6.600 31.500 0.500 15.60 18.50 6.400 42.000 0.500 15.40 8.00 0.000 42.000 1.300 9.00 8.00 0.122 0.001 0.993
q 0 -6.600 31.500 -0.500 34.60 18.50 -6.400 42.000 -0.500 34.40 8.00 0.000 42.000 -1.300 28.00 8.00 0.000 31.500 -1.300 28.00 18.50 -0.122 0.001 -0.993
q 2 -6.600 31.500 -0.500 34.60 18.50 -6.400 42.000 -0.500 34.40 8.00 0.000 42.000 -1.300 28.00 8.00 0.000 31.500 -1.300 28.00 18.50 -0.122 0.001 -0.993
q 0 0.000 31.500 -1.300 28.00 18.50 0.000 42.000 -1.300 28.00 8.00 6.400 42.000 -0.500 21.60 8.00 6.600 31.500 -0.500 21.40 18.50 0.122 0.001 -0.993
q 2 0.000 31.500 -1.300 28.00 18.50 0.000 42.000 -1.300 28.00 8.00 6.400 42.000 -0.500 21.60 8.00 6.600 31.500 -0.500 21.40 18.50 0.122 0.001 -0.993
q 0 -6.600 31.500 0.500 40.00 18.50 -6.400 42.000 0.500 40.00 8.00 -6.400 42.000 -0.500 38.00 8.00 -6.600 31.500 -0.500 38.00 18.50 -1.000 0.019 -0.000
q 0 6.600 31.500 0.500 40.00 18.50 6.600 31.500 -0.500 38.00 18.50 6.400 42.000 -0.500 38.00 8.00 6.400 42.000 0.500 40.00 8.00 1.000 0.019 0.000
q 0 -6.400 42.000 0.500 2.60 8.00 0.000 42.000 1.300 9.00 8.00 0.000 50.000 1.300 9.00 0.00 0.000 50.000 0.500 9.00 0.00 -0.241 0.097 0.966
q 0 0.000 42.000 1.300 9.00 8.00 6.400 42.000 0.500 15.40 8.00 0.000 50.000 0.500 9.00 0.00 0.000 50.000 1.300 9.00 0.00 0.241 0.097 0.966
q 0 -6.400 42.000 -0.500 34.40 8.00 0.000 50.000 -0.500 28.00 0.00 0.000 50.000 -1.300 28.00 0.00 0.000 42.000 -1.300 28.00 8.00 -0.241 0.097 -0.966
q 0 0.000 42.000 -1.300 28.00 8.00 0.000 50.000 -1.300 28.00 0.00 0.000 50.000 -0.500 28.00 0.00 6.400 42.000 -0.500 21.60 8.00 0.241 0.097 -0.966
q 0 -6.400 42.000 0.500 40.00 8.00 0.000 50.000 0.500 40.00 0.00 0.000 50.000 -0.500 38.00 0.00 -6.400 42.000 -0.500 38.00 8.00 -0.781 0.625 -0.000
q 0 6.400 42.000 0.500 40.00 8.00 6.400 42.000 -0.500 38.00 8.00 0.000 50.000 -0.500 38.00 0.00 0.000 50.000 0.500 40.00 0.00 0.781 0.625 0.000
q 0 -7.200 0.000 0.500 38.00 50.00 -7.200 0.000 -0.500 38.00 50.50 0.000 0.000 -1.300 39.00 50.50 0.000 0.000 1.300 39.00 50.00 -0.000 -1.000 -0.000
q 0 0.000 0.000 1.300 39.00 50.00 0.000 0.000 -1.300 39.00 50.50 7.200 0.000 -0.500 40.00 50.50 7.200 0.000 0.500 40.00 50.00 -0.000 -1.000 -0.000
q 0 -13.000 0.500 2.000 45.00 4.00 13.000 0.500 2.000 71.00 4.00 13.000 0.500 -2.000 71.00 0.00 -13.000 0.500 -2.000 45.00 0.00 0.000 1.000 0.000
q 0 -13.000 -2.500 -2.000 71.00 0.00 13.000 -2.500 -2.000 97.00 0.00 13.000 -2.500 2.000 97.00 4.00 -13.000 -2.500 2.000 71.00 4.00 0.000 -1.000 0.000
q 0 -13.000 -2.500 -2.000 41.00 7.00 -13.000 -2.500 2.000 45.00 7.00 -13.000 0.500 2.000 45.00 4.00 -13.000 0.500 -2.000 41.00 4.00 -1.000 0.000 0.000
q 0 13.000 -2.500 -2.000 45.00 7.00 -13.000 -2.500 -2.000 71.00 7.00 -13.000 0.500 -2.000 71.00 4.00 13.000 0.500 -2.000 45.00 4.00 0.000 0.000 -1.000
q 0 13.000 -2.500 2.000 71.00 7.00 13.000 -2.500 -2.000 75.00 7.00 13.000 0.500 -2.000 75.00 4.00 13.000 0.500 2.000 71.00 4.00 1.000 -0.000 0.000
q 0 -13.000 -2.500 2.000 75.00 7.00 13.000 -2.500 2.000 101.00 7.00 13.000 0.500 2.000 101.00 4.00 -13.000 0.500 2.000 75.00 4.00 0.000 -0.000 1.000
q 0 -15.000 1.500 2.400 107.00 5.00 -12.000 1.500 2.400 110.00 5.00 -12.000 1.500 -2.400 110.00 0.00 -15.000 1.500 -2.400 107.00 0.00 0.000 1.000 0.000
q 0 -15.000 -4.000 -2.400 110.00 0.00 -12.000 -4.000 -2.400 113.00 0.00 -12.000 -4.000 2.400 113.00 5.00 -15.000 -4.000 2.400 110.00 5.00 0.000 -1.000 0.000
q 0 -15.000 -4.000 -2.400 102.00 11.00 -15.000 -4.000 2.400 107.00 11.00 -15.000 1.500 2.400 107.00 5.00 -15.000 1.500 -2.400 102.00 5.00 -1.000 0.000 0.000
q 0 -12.000 -4.000 -2.400 107.00 11.00 -15.000 -4.000 -2.400 110.00 11.00 -15.000 1.500 -2.400 110.00 5.00 -12.000 1.500 -2.400 107.00 5.00 0.000 0.000 -1.000
q 0 -12.000 -4.000 2.400 110.00 11.00 -12.000 -4.000 -2.400 115.00 11.00 -12.000 1.500 -2.400 115.00 5.00 -12.000 1.500 2.400 110.00 5.00 1.000 -0.000 0.000
q 0 -15.000 -4.000 2.400 115.00 11.00 -12.000 -4.000 2.400 118.00 11.00 -12.000 1.500 2.400 118.00 5.00 -15.000 1.500 2.400 115.00 5.00 0.000 -0.000 1.000
q 0 12.000 1.500 2.400 5.00 56.00 15.000 1.500 2.400 8.00 56.00 15.000 1.500 -2.400 8.00 51.00 12.000 1.500 -2.400 5.00 51.00 0.000 1.000 0.000
q 0 12.000 -4.000 -2.400 8.00 51.00 15.000 -4.000 -2.400 11.00 51.00 15.000 -4.000 2.400 11.00 56.00 12.000 -4.000 2.400 8.00 56.00 0.000 -1.000 0.000
q 0 12.000 -4.000 -2.400 0.00 62.00 12.000 -4.000 2.400 5.00 62.00 12.000 1.500 2.400 5.00 56.00 12.000 1.500 -2.400 0.00 56.00 -1.000 0.000 0.000
q 0 15.000 -4.000 -2.400 5.00 62.00 12.000 -4.000 -2.400 8.00 62.00 12.000 1.500 -2.400 8.00 56.00 15.000 1.500 -2.400 5.00 56.00 0.000 0.000 -1.000
q 0 15.000 -4.000 2.400 8.00 62.00 15.000 -4.000 -2.400 13.00 62.00 15.000 1.500 -2.400 13.00 56.00 15.000 1.500 2.400 8.00 56.00 1.000 -0.000 0.000
q 0 12.000 -4.000 2.400 13.00 62.00 15.000 -4.000 2.400 16.00 62.00 15.000 1.500 2.400 16.00 56.00 12.000 1.500 2.400 13.00 56.00 0.000 -0.000 1.000
q 0 -2.600 2.000 2.600 23.00 57.00 2.600 2.000 2.600 29.00 57.00 2.600 2.000 -2.600 29.00 51.00 -2.600 2.000 -2.600 23.00 51.00 0.000 1.000 0.000
q 0 -2.600 -2.000 -2.600 29.00 51.00 2.600 -2.000 -2.600 35.00 51.00 2.600 -2.000 2.600 35.00 57.00 -2.600 -2.000 2.600 29.00 57.00 0.000 -1.000 0.000
q 0 -2.600 -2.000 -2.600 17.00 61.00 -2.600 -2.000 2.600 23.00 61.00 -2.600 2.000 2.600 23.00 57.00 -2.600 2.000 -2.600 17.00 57.00 -1.000 0.000 0.000
q 0 2.600 -2.000 -2.600 23.00 61.00 -2.600 -2.000 -2.600 29.00 61.00 -2.600 2.000 -2.600 29.00 57.00 2.600 2.000 -2.600 23.00 57.00 0.000 0.000 -1.000
q 2 2.600 -2.000 -2.600 23.00 61.00 -2.600 -2.000 -2.600 29.00 61.00 -2.600 2.000 -2.600 29.00 57.00 2.600 2.000 -2.600 23.00 57.00 0.000 0.000 -1.000
q 0 2.600 -2.000 2.600 29.00 61.00 2.600 -2.000 -2.600 35.00 61.00 2.600 2.000 -2.600 35.00 57.00 2.600 2.000 2.600 29.00 57.00 1.000 -0.000 0.000
q 0 -2.600 -2.000 2.600 35.00 61.00 2.600 -2.000 2.600 41.00 61.00 2.600 2.000 2.600 41.00 57.00 -2.600 2.000 2.600 35.00 57.00 0.000 -0.000 1.000
q 2 -2.600 -2.000 2.600 35.00 61.00 2.600 -2.000 2.600 41.00 61.00 2.600 2.000 2.600 41.00 57.00 -2.600 2.000 2.600 35.00 57.00 0.000 -0.000 1.000
q 0 -1.600 -2.500 1.600 46.00 55.00 1.600 -2.500 1.600 50.00 55.00 1.600 -2.500 -1.600 50.00 51.00 -1.600 -2.500 -1.600 46.00 51.00 0.000 1.000 0.000
q 0 -1.600 -20.000 -1.600 50.00 51.00 1.600 -20.000 -1.600 54.00 51.00 1.600 -20.000 1.600 54.00 55.00 -1.600 -20.000 1.600 50.00 55.00 0.000 -1.000 0.000
q 0 -1.600 -20.000 -1.600 42.00 73.00 -1.600 -20.000 1.600 46.00 73.00 -1.600 -2.500 1.600 46.00 55.00 -1.600 -2.500 -1.600 42.00 55.00 -1.000 0.000 0.000
q 0 1.600 -20.000 -1.600 46.00 73.00 -1.600 -20.000 -1.600 50.00 73.00 -1.600 -2.500 -1.600 50.00 55.00 1.600 -2.500 -1.600 46.00 55.00 0.000 0.000 -1.000
q 0 1.600 -20.000 1.600 50.00 73.00 1.600 -20.000 -1.600 54.00 73.00 1.600 -2.500 -1.600 54.00 55.00 1.600 -2.500 1.600 50.00 55.00 1.000 -0.000 0.000
q 0 -1.600 -20.000 1.600 54.00 73.00 1.600 -20.000 1.600 58.00 73.00 1.600 -2.500 1.600 58.00 55.00 -1.600 -2.500 1.600 54.00 55.00 0.000 -0.000 1.000
q 0 -2.600 -20.000 2.600 65.00 57.00 2.600 -20.000 2.600 71.00 57.00 2.600 -20.000 -2.600 71.00 51.00 -2.600 -20.000 -2.600 65.00 51.00 0.000 1.000 0.000
q 0 -2.600 -24.000 -2.600 71.00 51.00 2.600 -24.000 -2.600 77.00 51.00 2.600 -24.000 2.600 77.00 57.00 -2.600 -24.000 2.600 71.00 57.00 0.000 -1.000 0.000
q 0 -2.600 -24.000 -2.600 59.00 61.00 -2.600 -24.000 2.600 65.00 61.00 -2.600 -20.000 2.600 65.00 57.00 -2.600 -20.000 -2.600 59.00 57.00 -1.000 0.000 0.000
q 0 2.600 -24.000 -2.600 65.00 61.00 -2.600 -24.000 -2.600 71.00 61.00 -2.600 -20.000 -2.600 71.00 57.00 2.600 -20.000 -2.600 65.00 57.00 0.000 0.000 -1.000
q 2 2.600 -24.000 -2.600 65.00 61.00 -2.600 -24.000 -2.600 71.00 61.00 -2.600 -20.000 -2.600 71.00 57.00 2.600 -20.000 -2.600 65.00 57.00 0.000 0.000 -1.000
q 0 2.600 -24.000 2.600 71.00 61.00 2.600 -24.000 -2.600 77.00 61.00 2.600 -20.000 -2.600 77.00 57.00 2.600 -20.000 2.600 71.00 57.00 1.000 -0.000 0.000
q 0 -2.600 -24.000 2.600 77.00 61.00 2.600 -24.000 2.600 83.00 61.00 2.600 -20.000 2.600 83.00 57.00 -2.600 -20.000 2.600 77.00 57.00 0.000 -0.000 1.000
q 2 -2.600 -24.000 2.600 77.00 61.00 2.600 -24.000 2.600 83.00 61.00 2.600 -20.000 2.600 83.00 57.00 -2.600 -20.000 2.600 77.00 57.00 0.000 -0.000 1.000
