# generated by tools/gen_weapon_models.py (shroud_of_margins)
place 0.50000 0.08438 90.000 0.048897 -9.000
glow B49BFF 0.08 0.4 0.9
q 0 -4.500 4.000 2.000 4.00 4.00 4.500 4.000 2.000 13.00 4.00 4.500 4.000 -2.000 13.00 0.00 -4.500 4.000 -2.000 4.00 0.00 0.000 1.000 0.000
q 0 -4.500 -3.000 -2.000 13.00 0.00 4.500 -3.000 -2.000 22.00 0.00 4.500 -3.000 2.000 22.00 4.00 -4.500 -3.000 2.000 13.00 4.00 0.000 -1.000 0.000
q 0 -4.500 -3.000 -2.000 0.00 11.00 -4.500 -3.000 2.000 4.00 11.00 -4.500 4.000 2.000 4.00 4.00 -4.500 4.000 -2.000 0.00 4.00 -1.000 0.000 0.000
q 0 4.500 -3.000 -2.000 4.00 11.00 -4.500 -3.000 -2.000 13.00 11.00 -4.500 4.000 -2.000 13.00 4.00 4.500 4.000 -2.000 4.00 4.00 0.000 0.000 -1.000
q 2 4.500 -3.000 -2.000 4.00 11.00 -4.500 -3.000 -2.000 13.00 11.00 -4.500 4.000 -2.000 13.00 4.00 4.500 4.000 -2.000 4.00 4.00 0.000 0.000 -1.000
q 0 4.500 -3.000 2.000 13.00 11.00 4.500 -3.000 -2.000 17.00 11.00 4.500 4.000 -2.000 17.00 4.00 4.500 4.000 2.000 13.00 4.00 1.000 -0.000 0.000
q 0 -4.500 -3.000 2.000 17.00 11.00 4.500 -3.000 2.000 26.00 11.00 4.500 4.000 2.000 26.00 4.00 -4.500 4.000 2.000 17.00 4.00 0.000 -0.000 1.000
q 2 -4.500 -3.000 2.000 17.00 11.00 4.500 -3.000 2.000 26.00 11.00 4.500 4.000 2.000 26.00 4.00 -4.500 4.000 2.000 17.00 4.00 0.000 -0.000 1.000
q 0 -5.500 -3.000 2.400 32.00 5.00 5.500 -3.000 2.400 43.00 5.00 5.500 -3.000 -2.400 43.00 0.00 -5.500 -3.000 -2.400 32.00 0.00 0.000 1.000 0.000
q 0 -5.500 -9.000 -2.400 43.00 0.00 5.500 -9.000 -2.400 54.00 0.00 5.500 -9.000 2.400 54.00 5.00 -5.500 -9.000 2.400 43.00 5.00 0.000 -1.000 0.000
q 0 -5.500 -9.000 -2.400 27.00 11.00 -5.500 -9.000 2.400 32.00 11.00 -5.500 -3.000 2.400 32.00 5.00 -5.500 -3.000 -2.400 27.00 5.00 -1.000 0.000 0.000
q 0 5.500 -9.000 -2.400 32.00 11.00 -5.500 -9.000 -2.400 43.00 11.00 -5.500 -3.000 -2.400 43.00 5.00 5.500 -3.000 -2.400 32.00 5.00 0.000 0.000 -1.000
q 2 5.500 -9.000 -2.400 32.00 11.00 -5.500 -9.000 -2.400 43.00 11.00 -5.500 -3.000 -2.400 43.00 5.00 5.500 -3.000 -2.400 32.00 5.00 0.000 0.000 -1.000
q 0 5.500 -9.000 2.400 43.00 11.00 5.500 -9.000 -2.400 48.00 11.00 5.500 -3.000 -2.400 48.00 5.00 5.500 -3.000 2.400 43.00 5.00 1.000 -0.000 0.000
q 0 -5.500 -9.000 2.400 48.00 11.00 5.500 -9.000 2.400 59.00 11.00 5.500 -3.000 2.400 59.00 5.00 -5.500 -3.000 2.400 48.00 5.00 0.000 -0.000 1.000
q 2 -5.500 -9.000 2.400 48.00 11.00 5.500 -9.000 2.400 59.00 11.00 5.500 -3.000 2.400 59.00 5.00 -5.500 -3.000 2.400 48.00 5.00 0.000 -0.000 1.000
q 0 -3.500 8.000 2.500 65.00 5.00 3.500 8.000 2.500 72.00 5.00 3.500 8.000 -2.500 72.00 0.00 -3.500 8.000 -2.500 65.00 0.00 0.000 1.000 0.000
q 0 -3.500 4.000 -2.500 72.00 0.00 3.500 4.000 -2.500 79.00 0.00 3.500 4.000 2.500 79.00 5.00 -3.500 4.000 2.500 72.00 5.00 0.000 -1.000 0.000
q 0 -3.500 4.000 -2.500 60.00 9.00 -3.500 4.000 2.500 65.00 9.00 -3.500 8.000 2.500 65.00 5.00 -3.500 8.000 -2.500 60.00 5.00 -1.000 0.000 0.000
q 0 3.500 4.000 -2.500 65.00 9.00 -3.500 4.000 -2.500 72.00 9.00 -3.500 8.000 -2.500 72.00 5.00 3.500 8.000 -2.500 65.00 5.00 0.000 0.000 -1.000
q 2 3.500 4.000 -2.500 65.00 9.00 -3.500 4.000 -2.500 72.00 9.00 -3.500 8.000 -2.500 72.00 5.00 3.500 8.000 -2.500 65.00 5.00 0.000 0.000 -1.000
q 0 3.500 4.000 2.500 72.00 9.00 3.500 4.000 -2.500 77.00 9.00 3.500 8.000 -2.500 77.00 5.00 3.500 8.000 2.500 72.00 5.00 1.000 -0.000 0.000
q 0 -3.500 4.000 2.500 77.00 9.00 3.500 4.000 2.500 84.00 9.00 3.500 8.000 2.500 84.00 5.00 -3.500 8.000 2.500 77.00 5.00 0.000 -0.000 1.000
q 2 -3.500 4.000 2.500 77.00 9.00 3.500 4.000 2.500 84.00 9.00 3.500 8.000 2.500 84.00 5.00 -3.500 8.000 2.500 77.00 5.00 0.000 -0.000 1.000
q 0 -1.000 4.000 3.000 86.00 1.00 1.000 4.000 3.000 88.00 1.00 1.000 4.000 2.000 88.00 0.00 -1.000 4.000 2.000 86.00 0.00 0.000 1.000 0.000
q 0 -1.000 2.500 2.000 88.00 0.00 1.000 2.500 2.000 90.00 0.00 1.000 2.500 3.000 90.00 1.00 -1.000 2.500 3.000 88.00 1.00 0.000 -1.000 0.000
q 0 -1.000 2.500 2.000 85.00 3.00 -1.000 2.500 3.000 86.00 3.00 -1.000 4.000 3.000 86.00 1.00 -1.000 4.000 2.000 85.00 1.00 -1.000 0.000 0.000
q 0 1.000 2.500 2.000 86.00 3.00 -1.000 2.500 2.000 88.00 3.00 -1.000 4.000 2.000 88.00 1.00 1.000 4.000 2.000 86.00 1.00 0.000 0.000 -1.000
q 0 1.000 2.500 3.000 88.00 3.00 1.000 2.500 2.000 89.00 3.00 1.000 4.000 2.000 89.00 1.00 1.000 4.000 3.000 88.00 1.00 1.000 -0.000 0.000
q 0 -1.000 2.500 3.000 89.00 3.00 1.000 2.500 3.000 91.00 3.00 1.000 4.000 3.000 91.00 1.00 -1.000 4.000 3.000 89.00 1.00 0.000 -0.000 1.000
