# generated by tools/gen_weapon_models.py (spell_forged_rapier)
place 0.13195 0.08845 47.173 0.016497 -15.600
glow 82D2FF 0.1 0.45 1.0
q 0 -1.700 0.000 0.250 1.30 54.00 0.000 0.000 0.700 3.00 54.00 0.000 16.333 0.700 3.00 37.67 -1.500 16.333 0.250 1.50 37.67 -0.271 0.002 0.963
q 2 -1.700 0.000 0.250 1.30 54.00 0.000 0.000 0.700 3.00 54.00 0.000 16.333 0.700 3.00 37.67 -1.500 16.333 0.250 1.50 37.67 -0.271 0.002 0.963
q 0 0.000 0.000 0.700 3.00 54.00 1.700 0.000 0.250 4.70 54.00 1.500 16.333 0.250 4.50 37.67 0.000 16.333 0.700 3.00 37.67 0.271 0.002 0.963
q 2 0.000 0.000 0.700 3.00 54.00 1.700 0.000 0.250 4.70 54.00 1.500 16.333 0.250 4.50 37.67 0.000 16.333 0.700 3.00 37.67 0.271 0.002 0.963
q 0 -1.700 0.000 -0.250 11.70 54.00 -1.500 16.333 -0.250 11.50 37.67 0.000 16.333 -0.700 10.00 37.67 0.000 0.000 -0.700 10.00 54.00 -0.271 0.002 -0.963
q 2 -1.700 0.000 -0.250 11.70 54.00 -1.500 16.333 -0.250 11.50 37.67 0.000 16.333 -0.700 10.00 37.67 0.000 0.000 -0.700 10.00 54.00 -0.271 0.002 -0.963
q 0 0.000 0.000 -0.700 10.00 54.00 0.000 16.333 -0.700 10.00 37.67 1.500 16.333 -0.250 8.50 37.67 1.700 0.000 -0.250 8.30 54.00 0.271 0.002 -0.963
q 2 0.000 0.000 -0.700 10.00 54.00 0.000 16.333 -0.700 10.00 37.67 1.500 16.333 -0.250 8.50 37.67 1.700 0.000 -0.250 8.30 54.00 0.271 0.002 -0.963
q 0 -1.700 0.000 0.250 16.00 54.00 -1.500 16.333 0.250 16.00 37.67 -1.500 16.333 -0.250 14.00 37.67 -1.700 0.000 -0.250 14.00 54.00 -1.000 0.012 -0.000
q 0 1.700 0.000 0.250 16.00 54.00 1.700 0.000 -0.250 14.00 54.00 1.500 16.333 -0.250 14.00 37.67 1.500 16.333 0.250 16.00 37.67 1.000 0.012 0.000
q 0 -1.500 16.333 0.250 1.50 37.67 0.000 16.333 0.700 3.00 37.67 0.000 32.667 0.700 3.00 21.33 -1.300 32.667 0.250 1.70 21.33 -0.306 0.002 0.952
q 2 -1.500 16.333 0.250 1.50 37.67 0.000 16.333 0.700 3.00 37.67 0.000 32.667 0.700 3.00 21.33 -1.300 32.667 0.250 1.70 21.33 -0.306 0.002 0.952
q 0 0.000 16.333 0.700 3.00 37.67 1.500 16.333 0.250 4.50 37.67 1.300 32.667 0.250 4.30 21.33 0.000 32.667 0.700 3.00 21.33 0.306 0.002 0.952
q 2 0.000 16.333 0.700 3.00 37.67 1.500 16.333 0.250 4.50 37.67 1.300 32.667 0.250 4.30 21.33 0.000 32.667 0.700 3.00 21.33 0.306 0.002 0.952
q 0 -1.500 16.333 -0.250 11.50 37.67 -1.300 32.667 -0.250 11.30 21.33 0.000 32.667 -0.700 10.00 21.33 0.000 16.333 -0.700 10.00 37.67 -0.306 0.002 -0.952
q 2 -1.500 16.333 -0.250 11.50 37.67 -1.300 32.667 -0.250 11.30 21.33 0.000 32.667 -0.700 10.00 21.33 0.000 16.333 -0.700 10.00 37.67 -0.306 0.002 -0.952
q 0 0.000 16.333 -0.700 10.00 37.67 0.000 32.667 -0.700 10.00 21.33 1.300 32.667 -0.250 8.70 21.33 1.500 16.333 -0.250 8.50 37.67 0.306 0.002 -0.952
q 2 0.000 16.333 -0.700 10.00 37.67 0.000 32.667 -0.700 10.00 21.33 1.300 32.667 -0.250 8.70 21.33 1.500 16.333 -0.250 8.50 37.67 0.306 0.002 -0.952
q 0 -1.500 16.333 0.250 16.00 37.67 -1.300 32.667 0.250 16.00 21.33 -1.300 32.667 -0.250 14.00 21.33 -1.500 16.333 -0.250 14.00 37.67 -1.000 0.012 -0.000
q 0 1.500 16.333 0.250 16.00 37.67 1.500 16.333 -0.250 14.00 37.67 1.300 32.667 -0.250 14.00 21.33 1.300 32.667 0.250 16.00 21.33 1.000 0.012 0.000
q 0 -1.300 32.667 0.250 1.70 21.33 0.000 32.667 0.700 3.00 21.33 0.000 49.000 0.700 3.00 5.00 -1.100 49.000 0.250 1.90 5.00 -0.351 0.002 0.936
q 2 -1.300 32.667 0.250 1.70 21.33 0.000 32.667 0.700 3.00 21.33 0.000 49.000 0.700 3.00 5.00 -1.100 49.000 0.250 1.90 5.00 -0.351 0.002 0.936
q 0 0.000 32.667 0.700 3.00 21.33 1.300 32.667 0.250 4.30 21.33 1.100 49.000 0.250 4.10 5.00 0.000 49.000 0.700 3.00 5.00 0.351 0.002 0.936
q 2 0.000 32.667 0.700 3.00 21.33 1.300 32.667 0.250 4.30 21.33 1.100 49.000 0.250 4.10 5.00 0.000 49.000 0.700 3.00 5.00 0.351 0.002 0.936
q 0 -1.300 32.667 -0.250 11.30 21.33 -1.100 49.000 -0.250 11.10 5.00 0.000 49.000 -0.700 10.00 5.00 0.000 32.667 -0.700 10.00 21.33 -0.351 0.002 -0.936
q 2 -1.300 32.667 -0.250 11.30 21.33 -1.100 49.000 -0.250 11.10 5.00 0.000 49.000 -0.700 10.00 5.00 0.000 32.667 -0.700 10.00 21.33 -0.351 0.002 -0.936
q 0 0.000 32.667 -0.700 10.00 21.33 0.000 49.000 -0.700 10.00 5.00 1.100 49.000 -0.250 8.90 5.00 1.300 32.667 -0.250 8.70 21.33 0.351 0.002 -0.936
q 2 0.000 32.667 -0.700 10.00 21.33 0.000 49.000 -0.700 10.00 5.00 1.100 49.000 -0.250 8.90 5.00 1.300 32.667 -0.250 8.70 21.33 0.351 0.002 -0.936
q 0 -1.300 32.667 0.250 16.00 21.33 -1.100 49.000 0.250 16.00 5.00 -1.100 49.000 -0.250 14.00 5.00 -1.300 32.667 -0.250 14.00 21.33 -1.000 0.012 -0.000
q 0 1.300 32.667 0.250 16.00 21.33 1.300 32.667 -0.250 14.00 21.33 1.100 49.000 -0.250 14.00 5.00 1.100 49.000 0.250 16.00 5.00 1.000 0.012 0.000
q 0 -1.100 49.000 0.250 1.90 5.00 0.000 49.000 0.700 3.00 5.00 0.000 54.000 0.700 3.00 0.00 0.000 54.000 0.250 3.00 0.00 -0.632 0.069 0.772
q 0 0.000 49.000 0.700 3.00 5.00 1.100 49.000 0.250 4.10 5.00 0.000 54.000 0.250 3.00 0.00 0.000 54.000 0.700 3.00 0.00 0.632 0.069 0.772
q 0 -1.100 49.000 -0.250 11.10 5.00 0.000 54.000 -0.250 10.00 0.00 0.000 54.000 -0.700 10.00 0.00 0.000 49.000 -0.700 10.00 5.00 -0.632 0.069 -0.772
q 0 0.000 49.000 -0.700 10.00 5.00 0.000 54.000 -0.700 10.00 0.00 0.000 54.000 -0.250 10.00 0.00 1.100 49.000 -0.250 8.90 5.00 0.632 0.069 -0.772
q 0 -1.100 49.000 0.250 16.00 5.00 0.000 54.000 0.250 16.00 0.00 0.000 54.000 -0.250 14.00 0.00 -1.100 49.000 -0.250 14.00 5.00 -0.977 0.215 -0.000
q 0 1.100 49.000 0.250 16.00 5.00 1.100 49.000 -0.250 14.00 5.00 0.000 54.000 -0.250 14.00 0.00 0.000 54.000 0.250 16.00 0.00 0.977 0.215 0.000
q 0 -1.700 0.000 0.250 14.00 54.00 -1.700 0.000 -0.250 14.00 54.50 0.000 0.000 -0.700 15.00 54.50 0.000 0.000 0.700 15.00 54.00 -0.000 -1.000 -0.000
q 0 0.000 0.000 0.700 15.00 54.00 0.000 0.000 -0.700 15.00 54.50 1.700 0.000 -0.250 16.00 54.50 1.700 0.000 0.250 16.00 54.00 -0.000 -1.000 -0.000
q 0 -3.600 0.100 4.400 17.00 8.00 4.400 0.100 4.400 25.00 8.00 4.400 0.100 -3.600 25.00 0.00 -3.600 0.100 -3.600 17.00 0.00 0.000 1.000 0.000
q 0 -3.600 -0.900 4.400 34.00 8.00 -3.600 -0.900 -3.600 34.00 0.00 4.400 -0.900 -3.600 26.00 0.00 4.400 -0.900 4.400 26.00 8.00 -0.000 -1.000 -0.000
q 0 -0.600 0.100 -3.600 20.00 0.50 1.400 0.100 -3.600 22.00 0.50 1.400 -0.900 -3.600 22.00 0.50 -0.600 -0.900 -3.600 20.00 0.50 0.000 -0.000 -1.000
q 0 -2.600 0.100 -2.600 18.00 1.50 -0.600 0.100 -2.600 20.00 1.50 -0.600 -0.900 -2.600 20.00 1.50 -2.600 -0.900 -2.600 18.00 1.50 0.000 -0.000 -1.000
q 0 1.400 0.100 -2.600 22.00 1.50 3.400 0.100 -2.600 24.00 1.50 3.400 -0.900 -2.600 24.00 1.50 1.400 -0.900 -2.600 22.00 1.50 0.000 -0.000 -1.000
q 0 -3.600 0.100 -0.600 17.00 3.50 -2.600 0.100 -0.600 18.00 3.50 -2.600 -0.900 -0.600 18.00 3.50 -3.600 -0.900 -0.600 17.00 3.50 0.000 -0.000 -1.000
q 0 3.400 0.100 -0.600 24.00 3.50 4.400 0.100 -0.600 25.00 3.50 4.400 -0.900 -0.600 25.00 3.50 3.400 -0.900 -0.600 24.00 3.50 0.000 -0.000 -1.000
q 0 -3.600 0.100 1.400 17.00 4.50 -3.600 -0.900 1.400 17.00 4.50 -2.600 -0.900 1.400 18.00 4.50 -2.600 0.100 1.400 18.00 4.50 -0.000 0.000 1.000
q 0 3.400 0.100 1.400 24.00 4.50 3.400 -0.900 1.400 24.00 4.50 4.400 -0.900 1.400 25.00 4.50 4.400 0.100 1.400 25.00 4.50 -0.000 0.000 1.000
q 0 -2.600 0.100 3.400 18.00 6.50 -2.600 -0.900 3.400 18.00 6.50 -0.600 -0.900 3.400 20.00 6.50 -0.600 0.100 3.400 20.00 6.50 -0.000 0.000 1.000
q 0 1.400 0.100 3.400 22.00 6.50 1.400 -0.900 3.400 22.00 6.50 3.400 -0.900 3.400 24.00 6.50 3.400 0.100 3.400 24.00 6.50 -0.000 0.000 1.000
q 0 -0.600 0.100 4.400 20.00 7.50 -0.600 -0.900 4.400 20.00 7.50 1.400 -0.900 4.400 22.00 7.50 1.400 0.100 4.400 22.00 7.50 -0.000 0.000 1.000
q 0 -3.600 0.100 -0.600 17.50 3.00 -3.600 -0.900 -0.600 17.50 3.00 -3.600 -0.900 1.400 17.50 5.00 -3.600 0.100 1.400 17.50 5.00 -1.000 -0.000 -0.000
q 0 -2.600 0.100 -2.600 18.50 1.00 -2.600 -0.900 -2.600 18.50 1.00 -2.600 -0.900 -0.600 18.50 3.00 -2.600 0.100 -0.600 18.50 3.00 -1.000 -0.000 -0.000
q 0 -2.600 0.100 1.400 18.50 5.00 -2.600 -0.900 1.400 18.50 5.00 -2.600 -0.900 3.400 18.50 7.00 -2.600 0.100 3.400 18.50 7.00 -1.000 -0.000 -0.000
q 0 -0.600 0.100 -3.600 20.50 0.00 -0.600 -0.900 -3.600 20.50 0.00 -0.600 -0.900 -2.600 20.50 1.00 -0.600 0.100 -2.600 20.50 1.00 -1.000 -0.000 -0.000
q 0 -0.600 0.100 3.400 20.50 7.00 -0.600 -0.900 3.400 20.50 7.00 -0.600 -0.900 4.400 20.50 8.00 -0.600 0.100 4.400 20.50 8.00 -1.000 -0.000 -0.000
q 0 1.400 0.100 -3.600 21.50 0.00 1.400 0.100 -2.600 21.50 1.00 1.400 -0.900 -2.600 21.50 1.00 1.400 -0.900 -3.600 21.50 0.00 1.000 0.000 0.000
q 0 1.400 0.100 3.400 21.50 7.00 1.400 0.100 4.400 21.50 8.00 1.400 -0.900 4.400 21.50 8.00 1.400 -0.900 3.400 21.50 7.00 1.000 0.000 0.000
q 0 3.400 0.100 -2.600 23.50 1.00 3.400 0.100 -0.600 23.50 3.00 3.400 -0.900 -0.600 23.50 3.00 3.400 -0.900 -2.600 23.50 1.00 1.000 0.000 0.000
q 0 3.400 0.100 1.400 23.50 5.00 3.400 0.100 3.400 23.50 7.00 3.400 -0.900 3.400 23.50 7.00 3.400 -0.900 1.400 23.50 5.00 1.000 0.000 0.000
q 0 4.400 0.100 -0.600 24.50 3.00 4.400 0.100 1.400 24.50 5.00 4.400 -0.900 1.400 24.50 5.00 4.400 -0.900 -0.600 24.50 3.00 1.000 0.000 0.000
q 0 -5.500 -14.000 0.500 35.00 6.00 5.500 -14.000 0.500 46.00 6.00 5.500 -8.000 0.500 46.00 0.00 -5.500 -8.000 0.500 35.00 0.00 0.000 -0.000 1.000
q 0 -5.500 -14.000 -0.500 58.00 6.00 -5.500 -8.000 -0.500 58.00 0.00 5.500 -8.000 -0.500 47.00 0.00 5.500 -14.000 -0.500 47.00 6.00 -0.000 0.000 -1.000
q 0 -2.500 -8.000 0.500 38.00 0.50 2.500 -8.000 0.500 43.00 0.50 2.500 -8.000 -0.500 43.00 0.50 -2.500 -8.000 -0.500 38.00 0.50 0.000 1.000 0.000
q 0 -1.500 -9.000 0.500 39.00 0.50 -1.500 -9.000 -0.500 39.00 0.50 1.500 -9.000 -0.500 42.00 0.50 1.500 -9.000 0.500 42.00 0.50 -0.000 -1.000 -0.000
q 0 -3.500 -9.000 0.500 37.00 1.50 -2.500 -9.000 0.500 38.00 1.50 -2.500 -9.000 -0.500 38.00 1.50 -3.500 -9.000 -0.500 37.00 1.50 0.000 1.000 0.000
q 0 2.500 -9.000 0.500 43.00 1.50 3.500 -9.000 0.500 44.00 1.50 3.500 -9.000 -0.500 44.00 1.50 2.500 -9.000 -0.500 43.00 1.50 0.000 1.000 0.000
q 0 -2.500 -10.000 0.500 38.00 1.50 -2.500 -10.000 -0.500 38.00 1.50 -1.500 -10.000 -0.500 39.00 1.50 -1.500 -10.000 0.500 39.00 1.50 -0.000 -1.000 -0.000
q 0 1.500 -10.000 0.500 42.00 1.50 1.500 -10.000 -0.500 42.00 1.50 2.500 -10.000 -0.500 43.00 1.50 2.500 -10.000 0.500 43.00 1.50 -0.000 -1.000 -0.000
q 0 -4.500 -10.000 0.500 36.00 2.50 -3.500 -10.000 0.500 37.00 2.50 -3.500 -10.000 -0.500 37.00 2.50 -4.500 -10.000 -0.500 36.00 2.50 0.000 1.000 0.000
q 0 3.500 -10.000 0.500 44.00 2.50 4.500 -10.000 0.500 45.00 2.50 4.500 -10.000 -0.500 45.00 2.50 3.500 -10.000 -0.500 44.00 2.50 0.000 1.000 0.000
q 0 -3.500 -11.000 0.500 37.00 2.50 -3.500 -11.000 -0.500 37.00 2.50 -2.500 -11.000 -0.500 38.00 2.50 -2.500 -11.000 0.500 38.00 2.50 -0.000 -1.000 -0.000
q 0 2.500 -11.000 0.500 43.00 2.50 2.500 -11.000 -0.500 43.00 2.50 3.500 -11.000 -0.500 44.00 2.50 3.500 -11.000 0.500 44.00 2.50 -0.000 -1.000 -0.000
q 0 -5.500 -11.000 0.500 35.00 3.50 -4.500 -11.000 0.500 36.00 3.50 -4.500 -11.000 -0.500 36.00 3.50 -5.500 -11.000 -0.500 35.00 3.50 0.000 1.000 0.000
q 0 4.500 -11.000 0.500 45.00 3.50 5.500 -11.000 0.500 46.00 3.50 5.500 -11.000 -0.500 46.00 3.50 4.500 -11.000 -0.500 45.00 3.50 0.000 1.000 0.000
q 0 -4.500 -12.000 0.500 36.00 3.50 -4.500 -12.000 -0.500 36.00 3.50 -3.500 -12.000 -0.500 37.00 3.50 -3.500 -12.000 0.500 37.00 3.50 -0.000 -1.000 -0.000
q 0 3.500 -12.000 0.500 44.00 3.50 3.500 -12.000 -0.500 44.00 3.50 4.500 -12.000 -0.500 45.00 3.50 4.500 -12.000 0.500 45.00 3.50 -0.000 -1.000 -0.000
q 0 -5.500 -13.000 0.500 35.00 4.50 -5.500 -13.000 -0.500 35.00 4.50 -4.500 -13.000 -0.500 36.00 4.50 -4.500 -13.000 0.500 36.00 4.50 -0.000 -1.000 -0.000
q 0 4.500 -13.000 0.500 45.00 4.50 4.500 -13.000 -0.500 45.00 4.50 5.500 -13.000 -0.500 46.00 4.50 5.500 -13.000 0.500 46.00 4.50 -0.000 -1.000 -0.000
q 0 -5.500 -11.000 0.500 35.50 3.00 -5.500 -11.000 -0.500 35.50 3.00 -5.500 -13.000 -0.500 35.50 5.00 -5.500 -13.000 0.500 35.50 5.00 -1.000 -0.000 -0.000
q 0 -4.500 -12.000 0.500 35.50 4.00 -4.500 -13.000 0.500 35.50 5.00 -4.500 -13.000 -0.500 35.50 5.00 -4.500 -12.000 -0.500 35.50 4.00 1.000 0.000 0.000
q 0 -4.500 -10.000 0.500 36.50 2.00 -4.500 -10.000 -0.500 36.50 2.00 -4.500 -11.000 -0.500 36.50 3.00 -4.500 -11.000 0.500 36.50 3.00 -1.000 -0.000 -0.000
q 0 -3.500 -11.000 0.500 36.50 3.00 -3.500 -12.000 0.500 36.50 4.00 -3.500 -12.000 -0.500 36.50 4.00 -3.500 -11.000 -0.500 36.50 3.00 1.000 0.000 0.000
q 0 -3.500 -9.000 0.500 37.50 1.00 -3.500 -9.000 -0.500 37.50 1.00 -3.500 -10.000 -0.500 37.50 2.00 -3.500 -10.000 0.500 37.50 2.00 -1.000 -0.000 -0.000
q 0 -2.500 -10.000 0.500 37.50 2.00 -2.500 -11.000 0.500 37.50 3.00 -2.500 -11.000 -0.500 37.50 3.00 -2.500 -10.000 -0.500 37.50 2.00 1.000 0.000 0.000
q 0 -2.500 -8.000 0.500 38.50 0.00 -2.500 -8.000 -0.500 38.50 0.00 -2.500 -9.000 -0.500 38.50 1.00 -2.500 -9.000 0.500 38.50 1.00 -1.000 -0.000 -0.000
q 0 -1.500 -9.000 0.500 38.50 1.00 -1.500 -10.000 0.500 38.50 2.00 -1.500 -10.000 -0.500 38.50 2.00 -1.500 -9.000 -0.500 38.50 1.00 1.000 0.000 0.000
q 0 1.500 -9.000 0.500 42.50 1.00 1.500 -9.000 -0.500 42.50 1.00 1.500 -10.000 -0.500 42.50 2.00 1.500 -10.000 0.500 42.50 2.00 -1.000 -0.000 -0.000
q 0 2.500 -8.000 0.500 42.50 0.00 2.500 -9.000 0.500 42.50 1.00 2.500 -9.000 -0.500 42.50 1.00 2.500 -8.000 -0.500 42.50 0.00 1.000 0.000 0.000
q 0 2.500 -10.000 0.500 43.50 2.00 2.500 -10.000 -0.500 43.50 2.00 2.500 -11.000 -0.500 43.50 3.00 2.500 -11.000 0.500 43.50 3.00 -1.000 -0.000 -0.000
q 0 3.500 -9.000 0.500 43.50 1.00 3.500 -10.000 0.500 43.50 2.00 3.500 -10.000 -0.500 43.50 2.00 3.500 -9.000 -0.500 43.50 1.00 1.000 0.000 0.000
q 0 3.500 -11.000 0.500 44.50 3.00 3.500 -11.000 -0.500 44.50 3.00 3.500 -12.000 -0.500 44.50 4.00 3.500 -12.000 0.500 44.50 4.00 -1.000 -0.000 -0.000
q 0 4.500 -10.000 0.500 44.50 2.00 4.500 -11.000 0.500 44.50 3.00 4.500 -11.000 -0.500 44.50 3.00 4.500 -10.000 -0.500 44.50 2.00 1.000 0.000 0.000
q 0 4.500 -12.000 0.500 45.50 4.00 4.500 -12.000 -0.500 45.50 4.00 4.500 -13.000 -0.500 45.50 5.00 4.500 -13.000 0.500 45.50 5.00 -1.000 -0.000 -0.000
q 0 5.500 -11.000 0.500 45.50 3.00 5.500 -13.000 0.500 45.50 5.00 5.500 -13.000 -0.500 45.50 5.00 5.500 -11.000 -0.500 45.50 3.00 1.000 0.000 0.000
q 0 -5.600 -0.800 0.500 60.00 1.00 -4.400 -0.800 0.500 62.00 1.00 -4.400 -0.800 -0.500 62.00 0.00 -5.600 -0.800 -0.500 60.00 0.00 0.000 1.000 0.000
q 0 -5.600 -14.500 -0.500 62.00 0.00 -4.400 -14.500 -0.500 64.00 0.00 -4.400 -14.500 0.500 64.00 1.00 -5.600 -14.500 0.500 62.00 1.00 0.000 -1.000 0.000
q 0 -5.600 -14.500 -0.500 59.00 15.00 -5.600 -14.500 0.500 60.00 15.00 -5.600 -0.800 0.500 60.00 1.00 -5.600 -0.800 -0.500 59.00 1.00 -1.000 0.000 0.000
q 0 -4.400 -14.500 -0.500 60.00 15.00 -5.600 -14.500 -0.500 62.00 15.00 -5.600 -0.800 -0.500 62.00 1.00 -4.400 -0.800 -0.500 60.00 1.00 0.000 0.000 -1.000
q 0 -4.400 -14.500 0.500 62.00 15.00 -4.400 -14.500 -0.500 63.00 15.00 -4.400 -0.800 -0.500 63.00 1.00 -4.400 -0.800 0.500 62.00 1.00 1.000 -0.000 0.000
q 0 -5.600 -14.500 0.500 63.00 15.00 -4.400 -14.500 0.500 65.00 15.00 -4.400 -0.800 0.500 65.00 1.00 -5.600 -0.800 0.500 63.00 1.00 0.000 -0.000 1.000
q 0 -3.500 -0.400 0.700 68.00 2.00 3.500 -0.400 0.700 75.00 2.00 3.500 -0.400 -0.700 75.00 0.00 -3.500 -0.400 -0.700 68.00 0.00 0.000 1.000 0.000
q 0 -3.500 -1.400 -0.700 75.00 0.00 3.500 -1.400 -0.700 82.00 0.00 3.500 -1.400 0.700 82.00 2.00 -3.500 -1.400 0.700 75.00 2.00 0.000 -1.000 0.000
q 0 -3.500 -1.400 -0.700 66.00 3.00 -3.500 -1.400 0.700 68.00 3.00 -3.500 -0.400 0.700 68.00 2.00 -3.500 -0.400 -0.700 66.00 2.00 -1.000 0.000 0.000
q 0 3.500 -1.400 -0.700 68.00 3.00 -3.500 -1.400 -0.700 75.00 3.00 -3.500 -0.400 -0.700 75.00 2.00 3.500 -0.400 -0.700 68.00 2.00 0.000 0.000 -1.000
q 0 3.500 -1.400 0.700 75.00 3.00 3.500 -1.400 -0.700 77.00 3.00 3.500 -0.400 -0.700 77.00 2.00 3.500 -0.400 0.700 75.00 2.00 1.000 -0.000 0.000
q 0 -3.500 -1.400 0.700 77.00 3.00 3.500 -1.400 0.700 84.00 3.00 3.500 -0.400 0.700 84.00 2.00 -3.500 -0.400 0.700 77.00 2.00 0.000 -0.000 1.000
q 0 -1.100 -1.400 1.100 88.00 3.00 1.100 -1.400 1.100 91.00 3.00 1.100 -1.400 -1.100 91.00 0.00 -1.100 -1.400 -1.100 88.00 0.00 0.000 1.000 0.000
q 0 -1.100 -13.000 -1.100 91.00 0.00 1.100 -13.000 -1.100 94.00 0.00 1.100 -13.000 1.100 94.00 3.00 -1.100 -13.000 1.100 91.00 3.00 0.000 -1.000 0.000
q 0 -1.100 -13.000 -1.100 85.00 15.00 -1.100 -13.000 1.100 88.00 15.00 -1.100 -1.400 1.100 88.00 3.00 -1.100 -1.400 -1.100 85.00 3.00 -1.000 0.000 0.000
q 0 1.100 -13.000 -1.100 88.00 15.00 -1.100 -13.000 -1.100 91.00 15.00 -1.100 -1.400 -1.100 91.00 3.00 1.100 -1.400 -1.100 88.00 3.00 0.000 0.000 -1.000
q 0 1.100 -13.000 1.100 91.00 15.00 1.100 -13.000 -1.100 94.00 15.00 1.100 -1.400 -1.100 94.00 3.00 1.100 -1.400 1.100 91.00 3.00 1.000 -0.000 0.000
q 0 -1.100 -13.000 1.100 94.00 15.00 1.100 -13.000 1.100 97.00 15.00 1.100 -1.400 1.100 97.00 3.00 -1.100 -1.400 1.100 94.00 3.00 0.000 -0.000 1.000
q 0 -1.800 -13.000 1.800 102.00 4.00 1.800 -13.000 1.800 106.00 4.00 1.800 -13.000 -1.800 106.00 0.00 -1.800 -13.000 -1.800 102.00 0.00 0.000 1.000 0.000
q 0 -1.800 -15.600 -1.800 106.00 0.00 1.800 -15.600 -1.800 110.00 0.00 1.800 -15.600 1.800 110.00 4.00 -1.800 -15.600 1.800 106.00 4.00 0.000 -1.000 0.000
q 0 -1.800 -15.600 -1.800 98.00 7.00 -1.800 -15.600 1.800 102.00 7.00 -1.800 -13.000 1.800 102.00 4.00 -1.800 -13.000 -1.800 98.00 4.00 -1.000 0.000 0.000
q 0 1.800 -15.600 -1.800 102.00 7.00 -1.800 -15.600 -1.800 106.00 7.00 -1.800 -13.000 -1.800 106.00 4.00 1.800 -13.000 -1.800 102.00 4.00 0.000 0.000 -1.000
q 2 1.800 -15.600 -1.800 102.00 7.00 -1.800 -15.600 -1.800 106.00 7.00 -1.800 -13.000 -1.800 106.00 4.00 1.800 -13.000 -1.800 102.00 4.00 0.000 0.000 -1.000
q 0 1.800 -15.600 1.800 106.00 7.00 1.800 -15.600 -1.800 110.00 7.00 1.800 -13.000 -1.800 110.00 4.00 1.800 -13.000 1.800 106.00 4.00 1.000 -0.000 0.000
q 0 -1.800 -15.600 1.800 110.00 7.00 1.800 -15.600 1.800 114.00 7.00 1.800 -13.000 1.800 114.00 4.00 -1.800 -13.000 1.800 110.00 4.00 0.000 -0.000 1.000
q 2 -1.800 -15.600 1.800 110.00 7.00 1.800 -15.600 1.800 114.00 7.00 1.800 -13.000 1.800 114.00 4.00 -1.800 -13.000 1.800 110.00 4.00 0.000 -0.000 1.000
