# generated by tools/gen_weapon_models.py (spirit_charm)
place 0.50000 0.20469 90.000 0.042137 -6.500
glow 78F0FF 0.1 0.45 1.0
q 0 -6.500 -6.500 2.000 0.00 13.00 6.500 -6.500 2.000 13.00 13.00 6.500 6.500 2.000 13.00 0.00 -6.500 6.500 2.000 0.00 0.00 0.000 -0.000 1.000
q 2 -6.500 -6.500 2.000 0.00 13.00 6.500 -6.500 2.000 13.00 13.00 6.500 6.500 2.000 13.00 0.00 -6.500 6.500 2.000 0.00 0.00 0.000 -0.000 1.000
q 0 -6.500 -6.500 -2.000 27.00 13.00 -6.500 6.500 -2.000 27.00 0.00 6.500 6.500 -2.000 14.00 0.00 6.500 -6.500 -2.000 14.00 13.00 -0.000 0.000 -1.000
q 2 -6.500 -6.500 -2.000 27.00 13.00 -6.500 6.500 -2.000 27.00 0.00 6.500 6.500 -2.000 14.00 0.00 6.500 -6.500 -2.000 14.00 13.00 -0.000 0.000 -1.000
q 0 -1.500 6.500 2.000 5.00 0.50 1.500 6.500 2.000 8.00 0.50 1.500 6.500 -2.000 8.00 0.50 -1.500 6.500 -2.000 5.00 0.50 0.000 1.000 0.000
q 2 -1.500 6.500 2.000 5.00 0.50 1.500 6.500 2.000 8.00 0.50 1.500 6.500 -2.000 8.00 0.50 -1.500 6.500 -2.000 5.00 0.50 0.000 1.000 0.000
q 0 -2.500 4.500 2.000 4.00 2.50 -1.500 4.500 2.000 5.00 2.50 -1.500 4.500 -2.000 5.00 2.50 -2.500 4.500 -2.000 4.00 2.50 0.000 1.000 0.000
q 2 -2.500 4.500 2.000 4.00 2.50 -1.500 4.500 2.000 5.00 2.50 -1.500 4.500 -2.000 5.00 2.50 -2.500 4.500 -2.000 4.00 2.50 0.000 1.000 0.000
q 0 1.500 4.500 2.000 8.00 2.50 2.500 4.500 2.000 9.00 2.50 2.500 4.500 -2.000 9.00 2.50 1.500 4.500 -2.000 8.00 2.50 0.000 1.000 0.000
q 2 1.500 4.500 2.000 8.00 2.50 2.500 4.500 2.000 9.00 2.50 2.500 4.500 -2.000 9.00 2.50 1.500 4.500 -2.000 8.00 2.50 0.000 1.000 0.000
q 0 -3.500 3.500 2.000 3.00 3.50 -2.500 3.500 2.000 4.00 3.50 -2.500 3.500 -2.000 4.00 3.50 -3.500 3.500 -2.000 3.00 3.50 0.000 1.000 0.000
q 2 -3.500 3.500 2.000 3.00 3.50 -2.500 3.500 2.000 4.00 3.50 -2.500 3.500 -2.000 4.00 3.50 -3.500 3.500 -2.000 3.00 3.50 0.000 1.000 0.000
q 0 2.500 3.500 2.000 9.00 3.50 3.500 3.500 2.000 10.00 3.50 3.500 3.500 -2.000 10.00 3.50 2.500 3.500 -2.000 9.00 3.50 0.000 1.000 0.000
q 2 2.500 3.500 2.000 9.00 3.50 3.500 3.500 2.000 10.00 3.50 3.500 3.500 -2.000 10.00 3.50 2.500 3.500 -2.000 9.00 3.50 0.000 1.000 0.000
q 0 -4.500 2.500 2.000 2.00 4.50 -3.500 2.500 2.000 3.00 4.50 -3.500 2.500 -2.000 3.00 4.50 -4.500 2.500 -2.000 2.00 4.50 0.000 1.000 0.000
q 2 -4.500 2.500 2.000 2.00 4.50 -3.500 2.500 2.000 3.00 4.50 -3.500 2.500 -2.000 3.00 4.50 -4.500 2.500 -2.000 2.00 4.50 0.000 1.000 0.000
q 0 3.500 2.500 2.000 10.00 4.50 4.500 2.500 2.000 11.00 4.50 4.500 2.500 -2.000 11.00 4.50 3.500 2.500 -2.000 10.00 4.50 0.000 1.000 0.000
q 2 3.500 2.500 2.000 10.00 4.50 4.500 2.500 2.000 11.00 4.50 4.500 2.500 -2.000 11.00 4.50 3.500 2.500 -2.000 10.00 4.50 0.000 1.000 0.000
q 0 -5.500 1.500 2.000 1.00 5.50 -4.500 1.500 2.000 2.00 5.50 -4.500 1.500 -2.000 2.00 5.50 -5.500 1.500 -2.000 1.00 5.50 0.000 1.000 0.000
q 2 -5.500 1.500 2.000 1.00 5.50 -4.500 1.500 2.000 2.00 5.50 -4.500 1.500 -2.000 2.00 5.50 -5.500 1.500 -2.000 1.00 5.50 0.000 1.000 0.000
q 0 4.500 1.500 2.000 11.00 5.50 5.500 1.500 2.000 12.00 5.50 5.500 1.500 -2.000 12.00 5.50 4.500 1.500 -2.000 11.00 5.50 0.000 1.000 0.000
q 2 4.500 1.500 2.000 11.00 5.50 5.500 1.500 2.000 12.00 5.50 5.500 1.500 -2.000 12.00 5.50 4.500 1.500 -2.000 11.00 5.50 0.000 1.000 0.000
q 0 -5.500 -1.500 2.000 1.00 7.50 -5.500 -1.500 -2.000 1.00 7.50 -4.500 -1.500 -2.000 2.00 7.50 -4.500 -1.500 2.000 2.00 7.50 -0.000 -1.000 -0.000
q 2 -5.500 -1.500 2.000 1.00 7.50 -5.500 -1.500 -2.000 1.00 7.50 -4.500 -1.500 -2.000 2.00 7.50 -4.500 -1.500 2.000 2.00 7.50 -0.000 -1.000 -0.000
q 0 4.500 -1.500 2.000 11.00 7.50 4.500 -1.500 -2.000 11.00 7.50 5.500 -1.500 -2.000 12.00 7.50 5.500 -1.500 2.000 12.00 7.50 -0.000 -1.000 -0.000
q 2 4.500 -1.500 2.000 11.00 7.50 4.500 -1.500 -2.000 11.00 7.50 5.500 -1.500 -2.000 12.00 7.50 5.500 -1.500 2.000 12.00 7.50 -0.000 -1.000 -0.000
q 0 -4.500 -2.500 2.000 2.00 8.50 -4.500 -2.500 -2.000 2.00 8.50 -3.500 -2.500 -2.000 3.00 8.50 -3.500 -2.500 2.000 3.00 8.50 -0.000 -1.000 -0.000
q 2 -4.500 -2.500 2.000 2.00 8.50 -4.500 -2.500 -2.000 2.00 8.50 -3.500 -2.500 -2.000 3.00 8.50 -3.500 -2.500 2.000 3.00 8.50 -0.000 -1.000 -0.000
q 0 3.500 -2.500 2.000 10.00 8.50 3.500 -2.500 -2.000 10.00 8.50 4.500 -2.500 -2.000 11.00 8.50 4.500 -2.500 2.000 11.00 8.50 -0.000 -1.000 -0.000
q 2 3.500 -2.500 2.000 10.00 8.50 3.500 -2.500 -2.000 10.00 8.50 4.500 -2.500 -2.000 11.00 8.50 4.500 -2.500 2.000 11.00 8.50 -0.000 -1.000 -0.000
q 0 -3.500 -3.500 2.000 3.00 9.50 -3.500 -3.500 -2.000 3.00 9.50 -2.500 -3.500 -2.000 4.00 9.50 -2.500 -3.500 2.000 4.00 9.50 -0.000 -1.000 -0.000
q 2 -3.500 -3.500 2.000 3.00 9.50 -3.500 -3.500 -2.000 3.00 9.50 -2.500 -3.500 -2.000 4.00 9.50 -2.500 -3.500 2.000 4.00 9.50 -0.000 -1.000 -0.000
q 0 2.500 -3.500 2.000 9.00 9.50 2.500 -3.500 -2.000 9.00 9.50 3.500 -3.500 -2.000 10.00 9.50 3.500 -3.500 2.000 10.00 9.50 -0.000 -1.000 -0.000
q 2 2.500 -3.500 2.000 9.00 9.50 2.500 -3.500 -2.000 9.00 9.50 3.500 -3.500 -2.000 10.00 9.50 3.500 -3.500 2.000 10.00 9.50 -0.000 -1.000 -0.000
q 0 -2.500 -4.500 2.000 4.00 10.50 -2.500 -4.500 -2.000 4.00 10.50 -1.500 -4.500 -2.000 5.00 10.50 -1.500 -4.500 2.000 5.00 10.50 -0.000 -1.000 -0.000
q 2 -2.500 -4.500 2.000 4.00 10.50 -2.500 -4.500 -2.000 4.00 10.50 -1.500 -4.500 -2.000 5.00 10.50 -1.500 -4.500 2.000 5.00 10.50 -0.000 -1.000 -0.000
q 0 1.500 -4.500 2.000 8.00 10.50 1.500 -4.500 -2.000 8.00 10.50 2.500 -4.500 -2.000 9.00 10.50 2.500 -4.500 2.000 9.00 10.50 -0.000 -1.000 -0.000
q 2 1.500 -4.500 2.000 8.00 10.50 1.500 -4.500 -2.000 8.00 10.50 2.500 -4.500 -2.000 9.00 10.50 2.500 -4.500 2.000 9.00 10.50 -0.000 -1.000 -0.000
q 0 -1.500 -6.500 2.000 5.00 12.50 -1.500 -6.500 -2.000 5.00 12.50 1.500 -6.500 -2.000 8.00 12.50 1.500 -6.500 2.000 8.00 12.50 -0.000 -1.000 -0.000
q 2 -1.500 -6.500 2.000 5.00 12.50 -1.500 -6.500 -2.000 5.00 12.50 1.500 -6.500 -2.000 8.00 12.50 1.500 -6.500 2.000 8.00 12.50 -0.000 -1.000 -0.000
q 0 -5.500 1.500 2.000 1.50 5.00 -5.500 1.500 -2.000 1.50 5.00 -5.500 -1.500 -2.000 1.50 8.00 -5.500 -1.500 2.000 1.50 8.00 -1.000 -0.000 -0.000
q 2 -5.500 1.500 2.000 1.50 5.00 -5.500 1.500 -2.000 1.50 5.00 -5.500 -1.500 -2.000 1.50 8.00 -5.500 -1.500 2.000 1.50 8.00 -1.000 -0.000 -0.000
q 0 -4.500 2.500 2.000 2.50 4.00 -4.500 2.500 -2.000 2.50 4.00 -4.500 1.500 -2.000 2.50 5.00 -4.500 1.500 2.000 2.50 5.00 -1.000 -0.000 -0.000
q 2 -4.500 2.500 2.000 2.50 4.00 -4.500 2.500 -2.000 2.50 4.00 -4.500 1.500 -2.000 2.50 5.00 -4.500 1.500 2.000 2.50 5.00 -1.000 -0.000 -0.000
q 0 -4.500 -1.500 2.000 2.50 8.00 -4.500 -1.500 -2.000 2.50 8.00 -4.500 -2.500 -2.000 2.50 9.00 -4.500 -2.500 2.000 2.50 9.00 -1.000 -0.000 -0.000
q 2 -4.500 -1.500 2.000 2.50 8.00 -4.500 -1.500 -2.000 2.50 8.00 -4.500 -2.500 -2.000 2.50 9.00 -4.500 -2.500 2.000 2.50 9.00 -1.000 -0.000 -0.000
q 0 -3.500 3.500 2.000 3.50 3.00 -3.500 3.500 -2.000 3.50 3.00 -3.500 2.500 -2.000 3.50 4.00 -3.500 2.500 2.000 3.50 4.00 -1.000 -0.000 -0.000
q 2 -3.500 3.500 2.000 3.50 3.00 -3.500 3.500 -2.000 3.50 3.00 -3.500 2.500 -2.000 3.50 4.00 -3.500 2.500 2.000 3.50 4.00 -1.000 -0.000 -0.000
q 0 -3.500 -2.500 2.000 3.50 9.00 -3.500 -2.500 -2.000 3.50 9.00 -3.500 -3.500 -2.000 3.50 10.00 -3.500 -3.500 2.000 3.50 10.00 -1.000 -0.000 -0.000
q 2 -3.500 -2.500 2.000 3.50 9.00 -3.500 -2.500 -2.000 3.50 9.00 -3.500 -3.500 -2.000 3.50 10.00 -3.500 -3.500 2.000 3.50 10.00 -1.000 -0.000 -0.000
q 0 -2.500 4.500 2.000 4.50 2.00 -2.500 4.500 -2.000 4.50 2.00 -2.500 3.500 -2.000 4.50 3.00 -2.500 3.500 2.000 4.50 3.00 -1.000 -0.000 -0.000
q 2 -2.500 4.500 2.000 4.50 2.00 -2.500 4.500 -2.000 4.50 2.00 -2.500 3.500 -2.000 4.50 3.00 -2.500 3.500 2.000 4.50 3.00 -1.000 -0.000 -0.000
q 0 -2.500 -3.500 2.000 4.50 10.00 -2.500 -3.500 -2.000 4.50 10.00 -2.500 -4.500 -2.000 4.50 11.00 -2.500 -4.500 2.000 4.50 11.00 -1.000 -0.000 -0.000
q 2 -2.500 -3.500 2.000 4.50 10.00 -2.500 -3.500 -2.000 4.50 10.00 -2.500 -4.500 -2.000 4.50 11.00 -2.500 -4.500 2.000 4.50 11.00 -1.000 -0.000 -0.000
q 0 -1.500 6.500 2.000 5.50 0.00 -1.500 6.500 -2.000 5.50 0.00 -1.500 4.500 -2.000 5.50 2.00 -1.500 4.500 2.000 5.50 2.00 -1.000 -0.000 -0.000
q 2 -1.500 6.500 2.000 5.50 0.00 -1.500 6.500 -2.000 5.50 0.00 -1.500 4.500 -2.000 5.50 2.00 -1.500 4.500 2.000 5.50 2.00 -1.000 -0.000 -0.000
q 0 -1.500 -4.500 2.000 5.50 11.00 -1.500 -4.500 -2.000 5.50 11.00 -1.500 -6.500 -2.000 5.50 13.00 -1.500 -6.500 2.000 5.50 13.00 -1.000 -0.000 -0.000
q 2 -1.500 -4.500 2.000 5.50 11.00 -1.500 -4.500 -2.000 5.50 11.00 -1.500 -6.500 -2.000 5.50 13.00 -1.500 -6.500 2.000 5.50 13.00 -1.000 -0.000 -0.000
q 0 1.500 6.500 2.000 7.50 0.00 1.500 4.500 2.000 7.50 2.00 1.500 4.500 -2.000 7.50 2.00 1.500 6.500 -2.000 7.50 0.00 1.000 0.000 0.000
q 2 1.500 6.500 2.000 7.50 0.00 1.500 4.500 2.000 7.50 2.00 1.500 4.500 -2.000 7.50 2.00 1.500 6.500 -2.000 7.50 0.00 1.000 0.000 0.000
q 0 1.500 -4.500 2.000 7.50 11.00 1.500 -6.500 2.000 7.50 13.00 1.500 -6.500 -2.000 7.50 13.00 1.500 -4.500 -2.000 7.50 11.00 1.000 0.000 0.000
q 2 1.500 -4.500 2.000 7.50 11.00 1.500 -6.500 2.000 7.50 13.00 1.500 -6.500 -2.000 7.50 13.00 1.500 -4.500 -2.000 7.50 11.00 1.000 0.000 0.000
q 0 2.500 4.500 2.000 8.50 2.00 2.500 3.500 2.000 8.50 3.00 2.500 3.500 -2.000 8.50 3.00 2.500 4.500 -2.000 8.50 2.00 1.000 0.000 0.000
q 2 2.500 4.500 2.000 8.50 2.00 2.500 3.500 2.000 8.50 3.00 2.500 3.500 -2.000 8.50 3.00 2.500 4.500 -2.000 8.50 2.00 1.000 0.000 0.000
q 0 2.500 -3.500 2.000 8.50 10.00 2.500 -4.500 2.000 8.50 11.00 2.500 -4.500 -2.000 8.50 11.00 2.500 -3.500 -2.000 8.50 10.00 1.000 0.000 0.000
q 2 2.500 -3.500 2.000 8.50 10.00 2.500 -4.500 2.000 8.50 11.00 2.500 -4.500 -2.000 8.50 11.00 2.500 -3.500 -2.000 8.50 10.00 1.000 0.000 0.000
q 0 3.500 3.500 2.000 9.50 3.00 3.500 2.500 2.000 9.50 4.00 3.500 2.500 -2.000 9.50 4.00 3.500 3.500 -2.000 9.50 3.00 1.000 0.000 0.000
q 2 3.500 3.500 2.000 9.50 3.00 3.500 2.500 2.000 9.50 4.00 3.500 2.500 -2.000 9.50 4.00 3.500 3.500 -2.000 9.50 3.00 1.000 0.000 0.000
q 0 3.500 -2.500 2.000 9.50 9.00 3.500 -3.500 2.000 9.50 10.00 3.500 -3.500 -2.000 9.50 10.00 3.500 -2.500 -2.000 9.50 9.00 1.000 0.000 0.000
q 2 3.500 -2.500 2.000 9.50 9.00 3.500 -3.500 2.000 9.50 10.00 3.500 -3.500 -2.000 9.50 10.00 3.500 -2.500 -2.000 9.50 9.00 1.000 0.000 0.000
q 0 4.500 2.500 2.000 10.50 4.00 4.500 1.500 2.000 10.50 5.00 4.500 1.500 -2.000 10.50 5.00 4.500 2.500 -2.000 10.50 4.00 1.000 0.000 0.000
q 2 4.500 2.500 2.000 10.50 4.00 4.500 1.500 2.000 10.50 5.00 4.500 1.500 -2.000 10.50 5.00 4.500 2.500 -2.000 10.50 4.00 1.000 0.000 0.000
q 0 4.500 -1.500 2.000 10.50 8.00 4.500 -2.500 2.000 10.50 9.00 4.500 -2.500 -2.000 10.50 9.00 4.500 -1.500 -2.000 10.50 8.00 1.000 0.000 0.000
q 2 4.500 -1.500 2.000 10.50 8.00 4.500 -2.500 2.000 10.50 9.00 4.500 -2.500 -2.000 10.50 9.00 4.500 -1.500 -2.000 10.50 8.00 1.000 0.000 0.000
q 0 5.500 1.500 2.000 11.50 5.00 5.500 -1.500 2.000 11.50 8.00 5.500 -1.500 -2.000 11.50 8.00 5.500 1.500 -2.000 11.50 5.00 1.000 0.000 0.000
q 2 5.500 1.500 2.000 11.50 5.00 5.500 -1.500 2.000 11.50 8.00 5.500 -1.500 -2.000 11.50 8.00 5.500 1.500 -2.000 11.50 5.00 1.000 0.000 0.000
q 0 -2.000 7.000 1.500 31.00 3.00 2.000 7.000 1.500 35.00 3.00 2.000 7.000 -1.500 35.00 0.00 -2.000 7.000 -1.500 31.00 0.00 0.000 1.000 0.000
q 0 -2.000 5.000 -1.500 35.00 0.00 2.000 5.000 -1.500 39.00 0.00 2.000 5.000 1.500 39.00 3.00 -2.000 5.000 1.500 35.00 3.00 0.000 -1.000 0.000
q 0 -2.000 5.000 -1.500 28.00 5.00 -2.000 5.000 1.500 31.00 5.00 -2.000 7.000 1.500 31.00 3.00 -2.000 7.000 -1.500 28.00 3.00 -1.000 0.000 0.000
q 0 2.000 5.000 -1.500 31.00 5.00 -2.000 5.000 -1.500 35.00 5.00 -2.000 7.000 -1.500 35.00 3.00 2.000 7.000 -1.500 31.00 3.00 0.000 0.000 -1.000
q 0 2.000 5.000 1.500 35.00 5.00 2.000 5.000 -1.500 38.00 5.00 2.000 7.000 -1.500 38.00 3.00 2.000 7.000 1.500 35.00 3.00 1.000 -0.000 0.000
q 0 -2.000 5.000 1.500 38.00 5.00 2.000 5.000 1.500 42.00 5.00 2.000 7.000 1.500 42.00 3.00 -2.000 7.000 1.500 38.00 3.00 0.000 -0.000 1.000
q 0 -1.000 9.000 0.500 44.00 1.00 1.000 9.000 0.500 46.00 1.00 1.000 9.000 -0.500 46.00 0.00 -1.000 9.000 -0.500 44.00 0.00 0.000 1.000 0.000
q 0 -1.000 7.000 -0.500 46.00 0.00 1.000 7.000 -0.500 48.00 0.00 1.000 7.000 0.500 48.00 1.00 -1.000 7.000 0.500 46.00 1.00 0.000 -1.000 0.000
q 0 -1.000 7.000 -0.500 43.00 3.00 -1.000 7.000 0.500 44.00 3.00 -1.000 9.000 0.500 44.00 1.00 -1.000 9.000 -0.500 43.00 1.00 -1.000 0.000 0.000
q 0 1.000 7.000 -0.500 44.00 3.00 -1.000 7.000 -0.500 46.00 3.00 -1.000 9.000 -0.500 46.00 1.00 1.000 9.000 -0.500 44.00 1.00 0.000 0.000 -1.000
q 0 1.000 7.000 0.500 46.00 3.00 1.000 7.000 -0.500 47.00 3.00 1.000 9.000 -0.500 47.00 1.00 1.000 9.000 0.500 46.00 1.00 1.000 -0.000 0.000
q 0 -1.000 7.000 0.500 47.00 3.00 1.000 7.000 0.500 49.00 3.00 1.000 9.000 0.500 49.00 1.00 -1.000 9.000 0.500 47.00 1.00 0.000 -0.000 1.000
