# generated by tools/gen_weapon_models.py (written_consent)
place 0.50000 0.20312 90.000 0.040118 -7.200
q 0 -6.000 6.000 0.300 1.00 1.00 6.000 6.000 0.300 13.00 1.00 6.000 6.000 -0.300 13.00 0.00 -6.000 6.000 -0.300 1.00 0.00 0.000 1.000 0.000
q 0 -6.000 -6.000 -0.300 13.00 0.00 6.000 -6.000 -0.300 25.00 0.00 6.000 -6.000 0.300 25.00 1.00 -6.000 -6.000 0.300 13.00 1.00 0.000 -1.000 0.000
q 0 -6.000 -6.000 -0.300 0.00 13.00 -6.000 -6.000 0.300 1.00 13.00 -6.000 6.000 0.300 1.00 1.00 -6.000 6.000 -0.300 0.00 1.00 -1.000 0.000 0.000
q 0 6.000 -6.000 -0.300 1.00 13.00 -6.000 -6.000 -0.300 13.00 13.00 -6.000 6.000 -0.300 13.00 1.00 6.000 6.000 -0.300 1.00 1.00 0.000 0.000 -1.000
q 0 6.000 -6.000 0.300 13.00 13.00 6.000 -6.000 -0.300 14.00 13.00 6.000 6.000 -0.300 14.00 1.00 6.000 6.000 0.300 13.00 1.00 1.000 -0.000 0.000
q 0 -6.000 -6.000 0.300 14.00 13.00 6.000 -6.000 0.300 26.00 13.00 6.000 6.000 0.300 26.00 1.00 -6.000 6.000 0.300 14.00 1.00 0.000 -0.000 1.000
q 0 -6.600 -5.600 1.000 29.00 2.00 6.600 -5.600 1.000 43.00 2.00 6.600 -5.600 -1.000 43.00 0.00 -6.600 -5.600 -1.000 29.00 0.00 0.000 1.000 0.000
q 0 -6.600 -7.200 -1.000 43.00 0.00 6.600 -7.200 -1.000 57.00 0.00 6.600 -7.200 1.000 57.00 2.00 -6.600 -7.200 1.000 43.00 2.00 0.000 -1.000 0.000
q 0 -6.600 -7.200 -1.000 27.00 4.00 -6.600 -7.200 1.000 29.00 4.00 -6.600 -5.600 1.000 29.00 2.00 -6.600 -5.600 -1.000 27.00 2.00 -1.000 0.000 0.000
q 0 6.600 -7.200 -1.000 29.00 4.00 -6.600 -7.200 -1.000 43.00 4.00 -6.600 -5.600 -1.000 43.00 2.00 6.600 -5.600 -1.000 29.00 2.00 0.000 0.000 -1.000
q 0 6.600 -7.200 1.000 43.00 4.00 6.600 -7.200 -1.000 45.00 4.00 6.600 -5.600 -1.000 45.00 2.00 6.600 -5.600 1.000 43.00 2.00 1.000 -0.000 0.000
q 0 -6.600 -7.200 1.000 45.00 4.00 6.600 -7.200 1.000 59.00 4.00 6.600 -5.600 1.000 59.00 2.00 -6.600 -5.600 1.000 45.00 2.00 0.000 -0.000 1.000
q 0 -6.600 7.600 1.000 62.00 2.00 6.600 7.600 1.000 76.00 2.00 6.600 7.600 -1.000 76.00 0.00 -6.600 7.600 -1.000 62.00 0.00 0.000 1.000 0.000
q 0 -6.600 6.000 -1.000 76.00 0.00 6.600 6.000 -1.000 90.00 0.00 6.600 6.000 1.000 90.00 2.00 -6.600 6.000 1.000 76.00 2.00 0.000 -1.000 0.000
q 0 -6.600 6.000 -1.000 60.00 4.00 -6.600 6.000 1.000 62.00 4.00 -6.600 7.600 1.000 62.00 2.00 -6.600 7.600 -1.000 60.00 2.00 -1.000 0.000 0.000
q 0 6.600 6.000 -1.000 62.00 4.00 -6.600 6.000 -1.000 76.00 4.00 -6.600 7.600 -1.000 76.00 2.00 6.600 7.600 -1.000 62.00 2.00 0.000 0.000 -1.000
q 0 6.600 6.000 1.000 76.00 4.00 6.600 6.000 -1.000 78.00 4.00 6.600 7.600 -1.000 78.00 2.00 6.600 7.600 1.000 76.00 2.00 1.000 -0.000 0.000
q 0 -6.600 6.000 1.000 78.00 4.00 6.600 6.000 1.000 92.00 4.00 6.600 7.600 1.000 92.00 2.00 -6.600 7.600 1.000 78.00 2.00 0.000 -0.000 1.000
q 0 2.500 -2.500 1.000 94.00 1.00 5.000 -2.500 1.000 97.00 1.00 5.000 -2.500 0.300 97.00 0.00 2.500 -2.500 0.300 94.00 0.00 0.000 1.000 0.000
q 0 2.500 -5.000 0.300 97.00 0.00 5.000 -5.000 0.300 100.00 0.00 5.000 -5.000 1.000 100.00 1.00 2.500 -5.000 1.000 97.00 1.00 0.000 -1.000 0.000
q 0 2.500 -5.000 0.300 93.00 4.00 2.500 -5.000 1.000 94.00 4.00 2.500 -2.500 1.000 94.00 1.00 2.500 -2.500 0.300 93.00 1.00 -1.000 0.000 0.000
q 0 5.000 -5.000 0.300 94.00 4.00 2.500 -5.000 0.300 97.00 4.00 2.500 -2.500 0.300 97.00 1.00 5.000 -2.500 0.300 94.00 1.00 0.000 0.000 -1.000
q 0 5.000 -5.000 1.000 97.00 4.00 5.000 -5.000 0.300 98.00 4.00 5.000 -2.500 0.300 98.00 1.00 5.000 -2.500 1.000 97.00 1.00 1.000 -0.000 0.000
q 0 2.500 -5.000 1.000 98.00 4.00 5.000 -5.000 1.000 101.00 4.00 5.000 -2.500 1.000 101.00 1.00 2.500 -2.500 1.000 98.00 1.00 0.000 -0.000 1.000
